DataFrame Columns:
Index(['is_fatigued', 'driver_id', 'epoch_id', 'FCZ_mean_standard',
       'FCZ_mean_AL', 'FCZ_mean_AH', 'FCZ_mean_BL', 'FCZ_mean_BH',
       'FCZ_std_standard', 'FCZ_std_AL',
       ...
       'PZ_SE_standard', 'PZ_SE_AL', 'PZ_SE_AH', 'PZ_SE_BL', 'PZ_SE_BH',
       'PZ_FE_standard', 'PZ_FE_AL', 'PZ_FE_AH', 'PZ_FE_BL', 'PZ_FE_BH'],
      dtype='object', length=1053)

DataFrame Info:
<class 'pandas.core.frame.DataFrame'>
RangeIndex: 7200 entries, 0 to 7199
Columns: 1053 entries, is_fatigued to PZ_FE_BH
dtypes: float64(1050), int64(3)
memory usage: 57.8 MB

Sample Data:
   is_fatigued  driver_id  epoch_id  FCZ_mean_standard   FCZ_mean_AL  \
0            0          0         0      -1.499006e-24  1.613261e-23   
1            0          0         1      -1.375296e-23  1.621447e-23   
2            0          0         2      -2.359003e-24  1.610255e-23   
3            0          0         3      -2.190904e-23  1.594018e-23   
4            0          0         4      -2.333787e-23  1.638771e-23   

    FCZ_mean_AH   FCZ_mean_BL   FCZ_mean_BH  FCZ_std_standard    FCZ_std_AL  \
0  2.177324e-24 -1.144928e-23 -1.129193e-23      4.533049e-12  1.186188e-12   
1  1.022276e-24 -1.194990e-23 -1.199756e-23      4.533049e-12  1.186188e-12   
2  4.994523e-25 -1.229007e-23 -1.068297e-23      4.533049e-12  1.186188e-12   
3  2.124206e-25 -1.214393e-23 -1.156875e-23      4.533049e-12  1.186188e-12   
4  7.663344e-25 -1.137855e-23 -1.067362e-23      4.533049e-12  1.186188e-12   

     FCZ_std_AH    FCZ_std_BL    FCZ_std_BH  FCZ_psd_standard    FCZ_psd_AL  \
0  1.350882e-12  1.846407e-12  3.559191e-12      1.031019e-48  5.720691e-52   
1  1.350882e-12  1.846407e-12  3.559191e-12      1.132253e-48  3.341017e-52   
2  1.350882e-12  1.846407e-12  3.559191e-12      1.346795e-48  1.512636e-52   
3  1.350882e-12  1.846407e-12  3.559191e-12      1.051098e-48  3.043192e-52   
4  1.350882e-12  1.846407e-12  3.559191e-12      7.683828e-49  4.007506e-52   

     FCZ_psd_AH    FCZ_psd_BL    FCZ_psd_BH  FCZ_PE_standard     FCZ_PE_AL  \
0  1.613359e-51  2.752383e-52  2.846150e-52     6.819331e-22  1.394951e-21   
1  5.101410e-52  1.826074e-52  2.814844e-52     8.884809e-22  9.675260e-22   
2  4.762052e-52  3.095550e-52  2.720894e-52     1.393418e-21  1.643742e-21   
3  6.255044e-52  2.287848e-52  2.744589e-52     7.916781e-22  8.849543e-22   
4  8.379284e-52  2.668657e-52  9.814733e-52     7.026315e-22  1.271183e-21   

      FCZ_PE_AH     FCZ_PE_BL     FCZ_PE_BH  FCZ_AE_standard     FCZ_AE_AL  \
0  6.779445e-22  4.652028e-22  1.539397e-22     5.010016e-07  5.010016e-07   
1  6.540701e-22  6.515123e-22  2.618260e-22     5.010016e-07  5.010016e-07   
2  6.558576e-22  6.324817e-22  3.631822e-22     5.010016e-07  5.010016e-07   
3  7.877012e-22  7.169648e-22  3.174355e-22     5.010016e-07  5.010016e-07   
4  7.528473e-22  5.918627e-22  2.894916e-22     5.010016e-07  5.010016e-07   

      FCZ_AE_AH     FCZ_AE_BL     FCZ_AE_BH  FCZ_SE_standard  FCZ_SE_AL  \
0  5.010016e-07  5.010016e-07  5.010016e-07             -0.0       -0.0   
1  5.010016e-07  5.010016e-07  5.010016e-07             -0.0       -0.0   
2  5.010016e-07  5.010016e-07  5.010016e-07             -0.0       -0.0   
3  5.010016e-07  5.010016e-07  5.010016e-07             -0.0       -0.0   
4  5.010016e-07  5.010016e-07  5.010016e-07             -0.0       -0.0   

   FCZ_SE_AH  FCZ_SE_BL  FCZ_SE_BH  FCZ_FE_standard  FCZ_FE_AL  FCZ_FE_AH  \
0       -0.0       -0.0       -0.0         0.000044   0.000044   0.000044   
1       -0.0       -0.0       -0.0         0.000044   0.000044   0.000044   
2       -0.0       -0.0       -0.0         0.000044   0.000044   0.000044   
3       -0.0       -0.0       -0.0         0.000044   0.000044   0.000044   
4       -0.0       -0.0       -0.0         0.000044   0.000044   0.000044   

   FCZ_FE_BL  FCZ_FE_BH  TP8_mean_standard   TP8_mean_AL   TP8_mean_AH  \
0   0.000044   0.000044      -3.657327e-24  2.172382e-23  2.949884e-24   
1   0.000044   0.000044      -1.227851e-23  2.140936e-23  1.376290e-24   
2   0.000044   0.000044      -1.328386e-23  2.161524e-23  6.528168e-25   
3   0.000044   0.000044      -2.778619e-23  2.110614e-23  2.773802e-25   
4   0.000044   0.000044      -1.883196e-23  2.185719e-23  9.777824e-25   

    TP8_mean_BL   TP8_mean_BH  TP8_std_standard    TP8_std_AL    TP8_std_AH  \
0 -1.541049e-23 -1.534585e-23      6.044065e-12  1.581584e-12  1.801176e-12   
1 -1.582279e-23 -1.561263e-23      6.044065e-12  1.581584e-12  1.801176e-12   
2 -1.650412e-23 -1.457429e-23      6.044065e-12  1.581584e-12  1.801176e-12   
3 -1.596307e-23 -1.518430e-23      6.044065e-12  1.581584e-12  1.801176e-12   
4 -1.527213e-23 -1.427763e-23      6.044065e-12  1.581584e-12  1.801176e-12   

     TP8_std_BL    TP8_std_BH  TP8_psd_standard    TP8_psd_AL    TP8_psd_AH  \
0  2.461877e-12  4.745588e-12      2.308885e-48  9.930849e-52  3.754649e-51   
1  2.461877e-12  4.745588e-12      1.549465e-48  2.934728e-52  1.677859e-51   
2  2.461877e-12  4.745588e-12      1.629923e-48  5.800727e-52  1.316814e-51   
3  2.461877e-12  4.745588e-12      1.379809e-48  4.082669e-52  1.122773e-51   
4  2.461877e-12  4.745588e-12      1.585423e-48  5.601801e-52  1.823037e-51   

     TP8_psd_BL    TP8_psd_BH  TP8_PE_standard     TP8_PE_AL     TP8_PE_AH  \
0  5.005081e-52  6.921297e-52     1.016766e-21  3.428320e-21  8.796495e-22   
1  4.103919e-52  4.201434e-52     5.796675e-22  7.552317e-22  2.945503e-22   
2  4.194913e-52  3.836442e-52     7.361725e-22  2.667710e-21  6.197918e-22   
3  5.441568e-52  3.941168e-52     5.786238e-22  9.538777e-22  2.867767e-22   
4  4.996832e-52  2.132907e-51     7.279090e-22  1.033452e-21  6.217958e-22   

      TP8_PE_BL     TP8_PE_BH  TP8_AE_standard     TP8_AE_AL     TP8_AE_AH  \
0  6.828326e-22  1.883034e-22     5.010016e-07  5.010016e-07  5.010016e-07   
1  5.541302e-22  1.593678e-22     5.010016e-07  5.010016e-07  5.010016e-07   
2  7.747148e-22  1.535400e-22     5.010016e-07  5.010016e-07  5.010016e-07   
3  5.940721e-22  1.505819e-22     5.010016e-07  5.010016e-07  5.010016e-07   
4  4.508454e-22  1.271557e-22     5.010016e-07  5.010016e-07  5.010016e-07   

      TP8_AE_BL     TP8_AE_BH  TP8_SE_standard  TP8_SE_AL  TP8_SE_AH  \
0  5.010016e-07  5.010016e-07             -0.0       -0.0       -0.0   
1  5.010016e-07  5.010016e-07             -0.0       -0.0       -0.0   
2  5.010016e-07  5.010016e-07             -0.0       -0.0       -0.0   
3  5.010016e-07  5.010016e-07             -0.0       -0.0       -0.0   
4  5.010016e-07  5.010016e-07             -0.0       -0.0       -0.0   

   TP8_SE_BL  TP8_SE_BH  TP8_FE_standard  TP8_FE_AL  TP8_FE_AH  TP8_FE_BL  \
0       -0.0       -0.0         0.000044   0.000044   0.000044   0.000044   
1       -0.0       -0.0         0.000044   0.000044   0.000044   0.000044   
2       -0.0       -0.0         0.000044   0.000044   0.000044   0.000044   
3       -0.0       -0.0         0.000044   0.000044   0.000044   0.000044   
4       -0.0       -0.0         0.000044   0.000044   0.000044   0.000044   

   TP8_FE_BH  TP7_mean_standard   TP7_mean_AL   TP7_mean_AH   TP7_mean_BL  \
0   0.000044       4.936510e-24  5.354020e-23  7.011794e-24 -3.849757e-23   
1   0.000044      -1.705763e-23  5.442169e-23  3.476463e-24 -3.943702e-23   
2   0.000044      -1.702389e-23  5.344279e-23  2.078996e-24 -4.135793e-23   
3   0.000044      -6.958738e-23  5.237244e-23  5.975976e-25 -4.014518e-23   
4   0.000044      -8.721131e-23  5.506618e-23  2.109918e-24 -3.790306e-23   

    TP7_mean_BH  TP7_std_standard    TP7_std_AL    TP7_std_AH    TP7_std_BL  \
0 -3.792183e-23      4.602985e-23  1.921782e-23  1.150331e-23  1.584188e-23   
1 -3.942654e-23      4.293937e-23  1.043358e-23  1.033290e-23  1.617928e-23   
2 -3.614843e-23      4.056839e-23  1.316790e-23  1.167155e-23  1.381040e-23   
3 -3.820571e-23      5.034421e-23  1.694658e-23  1.167322e-23  1.728052e-23   
4 -3.548086e-23      4.377005e-23  1.843410e-23  1.384774e-23  1.165092e-23   

     TP7_std_BH  TP7_psd_standard    TP7_psd_AL    TP7_psd_AH    TP7_psd_BL  \
0  1.567571e-23      1.431866e-47  3.743748e-51  1.471498e-50  3.571913e-51   
1  1.359546e-23      1.222440e-47  2.474272e-51  9.472381e-51  2.508677e-51   
2  1.319802e-23      9.355135e-48  3.923336e-51  1.035250e-50  2.179724e-51   
3  1.296640e-23      9.854691e-48  2.351943e-51  7.205172e-51  2.489684e-51   
4  1.282163e-23      9.706956e-48  5.665122e-51  5.122724e-51  3.021457e-51   

     TP7_psd_BH  TP7_PE_standard  TP7_PE_AL  TP7_PE_AH  TP7_PE_BL  TP7_PE_BH  \
0  2.311096e-51         4.550008   1.259086   3.003499   3.073603   3.392801   
1  1.825585e-51         4.833123   2.355747   3.411899   3.255807   3.609344   
2  3.022691e-51         4.661202   2.290178   2.796462   2.894945   3.839377   
3  2.571715e-51         4.314330   2.788945   3.140295   2.940862   3.862912   
4  9.620793e-51         4.451016   2.422373   2.161983   3.455316   3.848833   

   TP7_AE_standard  TP7_AE_AL  TP7_AE_AH  TP7_AE_BL  TP7_AE_BH  \
0         0.906172   0.353886   0.945688   0.634952   0.731030   
1         0.901752   0.565204   0.790963   0.635502   0.695032   
2         0.918843   0.492977   0.664677   0.687797   0.720610   
3         0.737149   0.397160   0.742820   0.568756   0.709633   
4         0.806188   0.407958   0.617074   0.700312   0.853983   

   TP7_SE_standard  TP7_SE_AL  TP7_SE_AH  TP7_SE_BL  TP7_SE_BH  \
0         0.836206   0.323518   0.875595   0.549622   0.683374   
1         0.840916   0.472082   0.728692   0.562026   0.667021   
2         0.853818   0.433888   0.607460   0.601569   0.645915   
3         0.650363   0.360616   0.665953   0.514462   0.673724   
4         0.736673   0.384784   0.552517   0.597919   0.793828   

   TP7_FE_standard  TP7_FE_AL  TP7_FE_AH  TP7_FE_BL  TP7_FE_BH  \
0         0.537159   0.263721   0.543676   0.392633   0.463990   
1         0.539223   0.352903   0.451937   0.390884   0.446428   
2         0.539994   0.318244   0.395918   0.421339   0.447992   
3         0.440103   0.280811   0.429892   0.362887   0.457537   
4         0.477877   0.291687   0.371707   0.429377   0.524254   

   FZ_mean_standard    FZ_mean_AL    FZ_mean_AH    FZ_mean_BL    FZ_mean_BH  \
0     -5.675763e-07  3.369745e-09  3.074717e-08  2.731033e-08 -4.767438e-09   
1      2.102789e-05 -3.762360e-08 -3.781667e-08 -1.962725e-08  1.521607e-08   
2      4.251528e-05  2.484025e-08  2.230369e-09  2.747794e-09 -1.269981e-08   
3      3.588917e-05 -9.097154e-09  3.552663e-09 -1.764431e-08 -1.042786e-08   
4      1.328145e-05  1.844808e-09  1.859084e-10  7.095834e-09  8.135227e-09   

   FZ_std_standard     FZ_std_AL     FZ_std_AH  FZ_std_BL  FZ_std_BH  \
0         0.000007  1.586415e-06  1.632021e-06   0.000001   0.000002   
1         0.000014  2.171839e-06  1.219338e-06   0.000001   0.000002   
2         0.000008  7.846085e-07  8.110299e-07   0.000001   0.000002   
3         0.000008  1.298111e-06  1.266918e-06   0.000001   0.000001   
4         0.000006  1.893366e-06  1.705478e-06   0.000001   0.000002   

   FZ_psd_standard     FZ_psd_AL     FZ_psd_AH     FZ_psd_BL     FZ_psd_BH  \
0     1.258040e-13  4.074472e-19  7.531830e-20  1.108148e-20  9.371280e-21   
1     1.972845e-13  4.461033e-19  1.284821e-19  1.201205e-20  3.283188e-21   
2     6.343190e-14  1.131639e-19  3.257430e-20  8.786620e-21  6.816562e-21   
3     1.080757e-13  2.030737e-19  4.738950e-20  6.350574e-21  4.407728e-21   
4     1.338977e-13  8.372565e-19  1.969443e-19  1.168536e-20  6.264239e-21   

   FZ_PE_standard  FZ_PE_AL  FZ_PE_AH  FZ_PE_BL  FZ_PE_BH  FZ_AE_standard  \
0        3.167314  2.803613  2.751911  3.220141  1.789237        0.216634   
1        2.419081  1.833052  2.640842  3.044898  2.192665        0.091738   
2        1.693130  3.202500  2.935086  3.281509  1.803772        0.174396   
3        3.005999  2.809523  2.479083  3.100291  1.650496        0.157038   
4        3.398829  2.286684  1.934948  2.934147  1.680673        0.259694   

   FZ_AE_AL  FZ_AE_AH  FZ_AE_BL  FZ_AE_BH  FZ_SE_standard  FZ_SE_AL  FZ_SE_AH  \
0  0.239635  0.283988  0.422340  0.514320        0.186160  0.180861  0.225552   
1  0.188751  0.292358  0.443384  0.549404        0.078066  0.164652  0.255198   
2  0.214784  0.330103  0.417935  0.509992        0.145281  0.189643  0.297629   
3  0.202130  0.289130  0.391392  0.534728        0.146254  0.138894  0.231301   
4  0.216353  0.265969  0.402968  0.524048        0.225685  0.159643  0.196686   

   FZ_SE_BL  FZ_SE_BH  FZ_FE_standard  FZ_FE_AL  FZ_FE_AH  FZ_FE_BL  FZ_FE_BH  \
0  0.374731  0.510275        0.151235  0.148210  0.170333  0.232164  0.337297   
1  0.410584  0.512317        0.082020  0.131519  0.173701  0.249197  0.332431   
2  0.406605  0.484052        0.128470  0.144025  0.194874  0.246164  0.335606   
3  0.313317  0.535981        0.123634  0.131443  0.175550  0.217984  0.338409   
4  0.376870  0.473116        0.168046  0.138487  0.159580  0.235083  0.336312   

   OZ_mean_standard    OZ_mean_AL    OZ_mean_AH    OZ_mean_BL    OZ_mean_BH  \
0          0.000004  1.584453e-08  2.690592e-08 -3.511211e-11 -9.252708e-09   
1          0.000006 -1.987221e-08 -2.178077e-08  6.806503e-09  1.364278e-08   
2          0.000012  4.132056e-09 -1.475151e-08 -3.082767e-09 -1.011685e-09   
3          0.000009  8.704756e-09  9.511629e-09 -1.946154e-08 -2.069360e-08   
4          0.000002  1.074308e-08  6.163018e-09  1.620427e-08  1.438701e-08   

   OZ_std_standard     OZ_std_AL     OZ_std_AH     OZ_std_BL  OZ_std_BH  \
0         0.000004  1.135538e-06  1.049284e-06  1.122366e-06   0.000002   
1         0.000005  1.439267e-06  8.962836e-07  9.155564e-07   0.000002   
2         0.000004  6.499762e-07  7.206014e-07  6.534594e-07   0.000002   
3         0.000003  1.123858e-06  1.111288e-06  9.380034e-07   0.000002   
4         0.000004  1.596322e-06  1.353375e-06  9.496938e-07   0.000002   

   OZ_psd_standard     OZ_psd_AL     OZ_psd_AH     OZ_psd_BL     OZ_psd_BH  \
0     7.333384e-14  1.380009e-19  2.733693e-20  7.086585e-21  6.593392e-21   
1     1.149757e-13  2.257895e-19  6.258561e-20  1.171875e-20  4.014317e-21   
2     3.955648e-14  1.503349e-19  2.866827e-20  1.759176e-21  5.453522e-21   
3     6.424124e-14  1.800232e-19  3.844696e-20  3.779763e-21  3.619455e-21   
4     7.713744e-14  5.315270e-19  1.444863e-19  7.591904e-21  4.305042e-21   

   OZ_PE_standard  OZ_PE_AL  OZ_PE_AH  OZ_PE_BL  OZ_PE_BH  OZ_AE_standard  \
0        3.794893  2.747531  2.768099  3.205471  1.310104        0.384179   
1        3.481538  2.082114  2.479442  2.865622  1.103084        0.310170   
2        2.923678  2.029572  2.650986  3.137697  0.811705        0.308299   
3        3.731495  2.704896  2.280154  3.223298  1.315084        0.390835   
4        3.498916  2.426013  2.466209  3.104919  0.995832        0.301770   

   OZ_AE_AL  OZ_AE_AH  OZ_AE_BL  OZ_AE_BH  OZ_SE_standard  OZ_SE_AL  OZ_SE_AH  \
0  0.238497  0.298884  0.437882  0.486642        0.358291  0.228199  0.270779   
1  0.199718  0.290505  0.413224  0.423598        0.289288  0.163826  0.233925   
2  0.255270  0.295489  0.401208  0.306239        0.287422  0.239600  0.287219   
3  0.220861  0.279929  0.403183  0.461019        0.355121  0.150498  0.203113   
4  0.203046  0.270077  0.404330  0.407095        0.266873  0.135728  0.196691   

   OZ_SE_BL  OZ_SE_BH  OZ_FE_standard  OZ_FE_AL  OZ_FE_AH  OZ_FE_BL  OZ_FE_BH  \
0  0.410271  0.496153        0.231796  0.152879  0.178162  0.241526  0.339446   
1  0.336678  0.426554        0.192332  0.133489  0.171708  0.226867  0.339481   
2  0.345529  0.338972        0.189899  0.159587  0.180679  0.225554  0.338200   
3  0.330767  0.463503        0.229668  0.138430  0.168834  0.221308  0.340961   
4  0.374205  0.409826        0.181574  0.129842  0.163182  0.227682  0.339550   

   T4_mean_standard    T4_mean_AL    T4_mean_AH    T4_mean_BL    T4_mean_BH  \
0          0.000008 -8.312128e-09  1.669390e-08  3.154443e-09 -1.137399e-08   
1          0.000005 -2.711698e-08 -3.969318e-08 -1.455209e-08  1.335658e-08   
2          0.000009  1.757591e-08  7.923567e-10  3.201841e-09 -1.406435e-08   
3          0.000002  3.950797e-08  2.310832e-08 -8.594971e-09 -4.701099e-09   
4         -0.000007 -2.565401e-08  1.039708e-08  2.003817e-08  8.526366e-09   

   T4_std_standard     T4_std_AL     T4_std_AH  T4_std_BL  T4_std_BH  \
0         0.000006  1.557060e-06  1.707874e-06   0.000002   0.000004   
1         0.000008  1.903322e-06  1.342913e-06   0.000001   0.000004   
2         0.000010  9.243882e-07  9.819940e-07   0.000001   0.000004   
3         0.000008  1.679571e-06  1.513981e-06   0.000001   0.000004   
4         0.000007  1.961210e-06  1.768375e-06   0.000001   0.000004   

   T4_psd_standard     T4_psd_AL     T4_psd_AH     T4_psd_BL     T4_psd_BH  \
0     1.922697e-13  6.684906e-19  1.606263e-19  1.329855e-20  2.441961e-20   
1     2.557244e-13  5.181391e-19  1.145913e-19  9.863248e-21  1.857990e-20   
2     1.178420e-13  2.168384e-19  3.658156e-20  5.262994e-21  2.139757e-20   
3     2.248482e-13  3.317689e-19  7.385662e-20  4.044305e-21  1.965440e-20   
4     2.307118e-13  9.469824e-19  2.443837e-19  2.031167e-20  2.166722e-20   

   T4_PE_standard  T4_PE_AL  T4_PE_AH  T4_PE_BL  T4_PE_BH  T4_AE_standard  \
0        3.013051  2.208664  2.321018  2.717198  0.755058        0.430093   
1        3.121899  2.252336  2.277625  3.120673  0.532699        0.366292   
2        2.389807  3.466798  2.640382  3.086719  0.472286        0.255395   
3        3.044578  2.741566  2.536842  2.643949  0.403492        0.350808   
4        3.001173  2.587850  2.235184  2.738893  0.481400        0.357859   

   T4_AE_AL  T4_AE_AH  T4_AE_BL  T4_AE_BH  T4_SE_standard  T4_SE_AL  T4_SE_AH  \
0  0.244387  0.290289  0.422114  0.406226        0.419739  0.202339  0.262828   
1  0.216806  0.278634  0.404993  0.322887        0.353350  0.188761  0.239368   
2  0.244097  0.307027  0.416627  0.301438        0.241221  0.230948  0.255124   
3  0.192956  0.309022  0.389175  0.301084        0.342008  0.136616  0.262583   
4  0.212515  0.256659  0.385868  0.320774        0.336661  0.148001  0.169823   

   T4_SE_BL  T4_SE_BH  T4_FE_standard  T4_FE_AL  T4_FE_AH  T4_FE_BL  T4_FE_BH  \
0  0.394716  0.419325        0.249336  0.158669  0.180143  0.244340  0.342366   
1  0.317019  0.346350        0.218100  0.145463  0.173758  0.233618  0.342578   
2  0.355246  0.336472        0.169909  0.165394  0.188556  0.240020  0.339802   
3  0.342012  0.331292        0.211230  0.132157  0.185621  0.227985  0.342467   
4  0.276940  0.352183        0.219696  0.136910  0.158438  0.223785  0.342415   

   F8_mean_standard    F8_mean_AL    F8_mean_AH    F8_mean_BL    F8_mean_BH  \
0         -0.000003 -5.091231e-09  2.710423e-08  2.652620e-08 -1.147794e-08   
1          0.000010 -2.551575e-08 -1.656152e-08 -9.410938e-09  1.098477e-08   
2          0.000020  1.638184e-08 -1.398106e-09  3.176867e-09 -3.581178e-09   
3          0.000026  8.710743e-09  1.368708e-08 -7.436174e-09 -9.056466e-09   
4          0.000014 -6.955806e-09 -2.551525e-09  7.562856e-09  1.397127e-08   

   F8_std_standard     F8_std_AL     F8_std_AH     F8_std_BL  F8_std_BH  \
0         0.000005  1.336367e-06  1.296513e-06  1.105745e-06   0.000002   
1         0.000005  1.171444e-06  7.639748e-07  1.107771e-06   0.000002   
2         0.000003  7.301385e-07  8.495729e-07  9.625455e-07   0.000002   
3         0.000005  1.300349e-06  1.391364e-06  1.221209e-06   0.000002   
4         0.000004  1.290336e-06  1.298026e-06  9.869284e-07   0.000002   

   F8_psd_standard     F8_psd_AL     F8_psd_AH     F8_psd_BL     F8_psd_BH  \
0     8.098377e-14  2.443732e-19  3.878978e-20  1.006979e-20  1.024766e-20   
1     8.317815e-14  1.595497e-19  4.822066e-20  9.087591e-21  5.952543e-21   
2     6.087481e-14  1.174972e-19  3.322465e-20  7.036413e-21  1.236060e-20   
3     9.638357e-14  2.762439e-19  3.757706e-20  8.457171e-21  7.177938e-21   
4     7.571274e-14  4.114103e-19  1.193083e-19  1.616941e-20  7.198840e-21   

   F8_PE_standard  F8_PE_AL  F8_PE_AH  F8_PE_BL  F8_PE_BH  F8_AE_standard  \
0        3.036191  2.643041  2.618940  3.603664  1.353095        0.378603   
1        3.627946  2.226007  2.810149  2.972890  1.647653        0.332247   
2        3.576082  2.858268  2.695457  3.456638  1.191653        0.539536   
3        3.357141  2.286241  2.276581  3.489577  1.024259        0.344324   
4        3.353085  2.391945  2.231518  3.102484  1.449504        0.367243   

   F8_AE_AL  F8_AE_AH  F8_AE_BL  F8_AE_BH  F8_SE_standard  F8_SE_AL  F8_SE_AH  \
0  0.230292  0.282357  0.441065  0.486594        0.361517  0.193493  0.223602   
1  0.199110  0.297447  0.441403  0.532797        0.261542  0.166283  0.251339   
2  0.247892  0.318650  0.432973  0.479830        0.503452  0.214737  0.265154   
3  0.243288  0.294497  0.409042  0.437597        0.307728  0.185479  0.236618   
4  0.210961  0.253355  0.394345  0.455879        0.324103  0.127802  0.155717   

   F8_SE_BL  F8_SE_BH  F8_FE_standard  F8_FE_AL  F8_FE_AH  F8_FE_BL  F8_FE_BH  \
0  0.414388  0.497246        0.232980  0.164072  0.182847  0.270153  0.357067   
1  0.348511  0.535106        0.208166  0.146717  0.198947  0.258034  0.360684   
2  0.406595  0.443650        0.343852  0.180434  0.204905  0.266958  0.356434   
3  0.337243  0.444591        0.212980  0.165537  0.186711  0.246212  0.361272   
4  0.328187  0.452078        0.221881  0.145236  0.164399  0.250148  0.360803   

   CZ_mean_standard    CZ_mean_AL    CZ_mean_AH    CZ_mean_BL    CZ_mean_BH  \
0          0.000007 -1.639292e-08  2.068247e-08  1.758638e-08 -6.407241e-09   
1          0.000005 -3.226528e-08 -4.364097e-08 -2.693058e-08  7.482025e-09   
2          0.000013  1.821735e-08 -3.648150e-09  1.035645e-08 -1.663829e-08   
3          0.000003  2.944343e-08  2.336530e-08 -1.314996e-08 -9.714330e-09   
4         -0.000005 -5.909546e-09  7.494303e-09  1.906025e-08  1.045523e-08   

   CZ_std_standard  CZ_std_AL  CZ_std_AH  CZ_std_BL  CZ_std_BH  \
0         0.000009   0.000002   0.000002   0.000002   0.000007   
1         0.000010   0.000002   0.000002   0.000001   0.000006   
2         0.000012   0.000001   0.000001   0.000001   0.000006   
3         0.000009   0.000002   0.000002   0.000001   0.000006   
4         0.000010   0.000002   0.000002   0.000001   0.000006   

   CZ_psd_standard     CZ_psd_AL     CZ_psd_AH     CZ_psd_BL     CZ_psd_BH  \
0     4.641971e-13  1.346387e-18  2.192275e-19  2.058020e-20  7.497572e-20   
1     5.215882e-13  8.172404e-19  2.171526e-19  1.512549e-20  5.567194e-20   
2     3.083032e-13  2.490929e-19  3.932490e-20  1.379662e-20  5.930459e-20   
3     4.142331e-13  6.068673e-19  9.518959e-20  4.541358e-21  6.019799e-20   
4     4.274334e-13  9.529994e-19  1.775455e-19  2.111310e-20  6.165276e-20   

   CZ_PE_standard  CZ_PE_AL  CZ_PE_AH  CZ_PE_BL  CZ_PE_BH  CZ_AE_standard  \
0        2.565144  2.270885  2.364740  2.992541  0.438832        0.449952   
1        2.815057  2.015823  2.245681  3.082222  0.302765        0.434610   
2        2.331461  2.832825  2.688229  3.022157  0.263388        0.366689   
3        2.788181  2.746310  2.481723  2.922482  0.161535        0.443260   
4        2.673560  2.581042  2.154457  3.118816  0.290404        0.445390   

   CZ_AE_AL  CZ_AE_AH  CZ_AE_BL  CZ_AE_BH  CZ_SE_standard  CZ_SE_AL  CZ_SE_AH  \
0  0.245142  0.284722  0.429526  0.336435        0.442522  0.215093  0.263783   
1  0.204362  0.289389  0.388075  0.260592        0.438868  0.174671  0.256844   
2  0.237749  0.297570  0.436806  0.270394        0.359533  0.204899  0.253003   
3  0.199148  0.287072  0.388940  0.238363        0.449191  0.130120  0.228337   
4  0.207913  0.264903  0.440155  0.274515        0.444617  0.122789  0.157138   

   CZ_SE_BL  CZ_SE_BH  CZ_FE_standard  CZ_FE_AL  CZ_FE_AH  CZ_FE_BL  CZ_FE_BH  \
0  0.404328  0.363617        0.281370  0.172648  0.192841  0.274671  0.349722   
1  0.281852  0.297297        0.268553  0.151012  0.198158  0.251301  0.349036   
2  0.416355  0.311848        0.226401  0.180777  0.213275  0.292126  0.348690   
3  0.339949  0.279086        0.286953  0.148022  0.194854  0.252104  0.348470   
4  0.404284  0.309428        0.270913  0.148717  0.177145  0.279778  0.348431   

   O1_mean_standard    O1_mean_AL    O1_mean_AH    O1_mean_BL    O1_mean_BH  \
0     -2.890272e-24  3.226521e-23  4.354647e-24 -2.289857e-23 -2.258387e-23   
1     -1.916893e-23  3.242893e-23  2.044551e-24 -2.389980e-23 -2.399511e-23   
2     -9.828250e-24  3.220510e-23  9.989046e-25 -2.458013e-23 -2.136595e-23   
3     -4.954166e-23  3.188036e-23  4.248413e-25 -2.428786e-23 -2.313750e-23   
4     -4.825772e-23  3.277542e-23  1.532669e-24 -2.275711e-23 -2.134724e-23   

   O1_std_standard     O1_std_AL     O1_std_AH     O1_std_BL     O1_std_BH  \
0     9.066097e-12  2.372376e-12  2.701764e-12  3.692815e-12  7.118382e-12   
1     9.066097e-12  2.372376e-12  2.701764e-12  3.692815e-12  7.118382e-12   
2     9.066097e-12  2.372376e-12  2.701764e-12  3.692815e-12  7.118382e-12   
3     9.066097e-12  2.372376e-12  2.701764e-12  3.692815e-12  7.118382e-12   
4     9.066097e-12  2.372376e-12  2.701764e-12  3.692815e-12  7.118382e-12   

   O1_psd_standard     O1_psd_AL     O1_psd_AH     O1_psd_BL     O1_psd_BH  \
0     4.331725e-48  2.288276e-51  6.453434e-51  1.100953e-51  1.138460e-51   
1     4.384088e-48  1.336407e-51  2.040564e-51  7.304297e-52  1.125938e-51   
2     5.423036e-48  6.050545e-52  1.904821e-51  1.238220e-51  1.088358e-51   
3     4.570433e-48  1.217277e-51  2.502018e-51  9.151391e-52  1.097835e-51   
4     3.132612e-48  1.603002e-51  3.351714e-51  1.067463e-51  3.925893e-51   

   O1_PE_standard      O1_PE_AL      O1_PE_AH      O1_PE_BL      O1_PE_BH  \
0    7.162394e-22  1.394951e-21  6.779445e-22  4.652028e-22  1.539397e-22   
1    7.786146e-22  9.675260e-22  6.540701e-22  6.515123e-22  2.618260e-22   
2    1.225095e-21  1.643742e-21  6.558576e-22  6.324817e-22  3.631822e-22   
3    7.889091e-22  8.849543e-22  7.877012e-22  7.169648e-22  3.174355e-22   
4    6.859066e-22  1.271183e-21  7.528473e-22  5.918627e-22  2.894916e-22   

   O1_AE_standard      O1_AE_AL      O1_AE_AH      O1_AE_BL      O1_AE_BH  \
0    5.010016e-07  5.010016e-07  5.010016e-07  5.010016e-07  5.010016e-07   
1    5.010016e-07  5.010016e-07  5.010016e-07  5.010016e-07  5.010016e-07   
2    5.010016e-07  5.010016e-07  5.010016e-07  5.010016e-07  5.010016e-07   
3    5.010016e-07  5.010016e-07  5.010016e-07  5.010016e-07  5.010016e-07   
4    5.010016e-07  5.010016e-07  5.010016e-07  5.010016e-07  5.010016e-07   

   O1_SE_standard  O1_SE_AL  O1_SE_AH  O1_SE_BL  O1_SE_BH  O1_FE_standard  \
0            -0.0      -0.0      -0.0      -0.0      -0.0        0.000044   
1            -0.0      -0.0      -0.0      -0.0      -0.0        0.000044   
2            -0.0      -0.0      -0.0      -0.0      -0.0        0.000044   
3            -0.0      -0.0      -0.0      -0.0      -0.0        0.000044   
4            -0.0      -0.0      -0.0      -0.0      -0.0        0.000044   

   O1_FE_AL  O1_FE_AH  O1_FE_BL  O1_FE_BH  P3_mean_standard    P3_mean_AL  \
0  0.000044  0.000044  0.000044  0.000044          0.000007  6.198073e-09   
1  0.000044  0.000044  0.000044  0.000044          0.000006 -3.128296e-08   
2  0.000044  0.000044  0.000044  0.000044          0.000010  7.913528e-09   
3  0.000044  0.000044  0.000044  0.000044          0.000005  5.409817e-08   
4  0.000044  0.000044  0.000044  0.000044         -0.000004 -6.428160e-09   

     P3_mean_AH    P3_mean_BL    P3_mean_BH  P3_std_standard  P3_std_AL  \
0  3.565120e-08 -1.558200e-10 -1.407091e-08         0.000010   0.000002   
1 -2.901291e-08 -1.320140e-08  9.289816e-09         0.000010   0.000003   
2 -9.103724e-09  1.480198e-08 -1.497666e-08         0.000011   0.000001   
3  3.705099e-08 -1.227156e-08 -6.940675e-09         0.000009   0.000002   
4 -5.656186e-09  4.325965e-09  1.383070e-10         0.000010   0.000002   

   P3_std_AH  P3_std_BL  P3_std_BH  P3_psd_standard     P3_psd_AL  \
0   0.000002   0.000002   0.000008     5.525042e-13  1.344024e-18   
1   0.000002   0.000001   0.000008     6.547195e-13  1.074245e-18   
2   0.000001   0.000001   0.000008     4.247033e-13  3.003886e-19   
3   0.000002   0.000001   0.000007     5.149324e-13  6.332282e-19   
4   0.000002   0.000002   0.000008     5.645026e-13  1.132475e-18   

      P3_psd_AH     P3_psd_BL     P3_psd_BH  P3_PE_standard  P3_PE_AL  \
0  2.046178e-19  1.666136e-20  9.659648e-20        2.140978  2.317548   
1  2.632886e-19  1.356735e-20  8.392897e-20        2.525708  2.158410   
2  4.792481e-20  4.596323e-21  8.664233e-20        2.346251  3.332811   
3  9.789558e-20  5.168870e-21  8.256596e-20        2.242152  2.800791   
4  2.844982e-19  2.754121e-20  8.901083e-20        2.383743  2.570600   

   P3_PE_AH  P3_PE_BL  P3_PE_BH  P3_AE_standard  P3_AE_AL  P3_AE_AH  P3_AE_BL  \
0  2.424565  3.116355  0.280400        0.451257  0.217928  0.271427  0.436234   
1  2.582360  2.887869  0.143154        0.425766  0.190798  0.264719  0.378321   
2  2.634148  3.309408  0.136121        0.442967  0.238895  0.313835  0.430468   
3  2.755814  2.923819  0.141218        0.432401  0.181167  0.263417  0.392662   
4  2.414548  2.848333  0.203152        0.455652  0.199815  0.242450  0.404000   

   P3_AE_BH  P3_SE_standard  P3_SE_AL  P3_SE_AH  P3_SE_BL  P3_SE_BH  \
0  0.269044        0.455156  0.133263  0.191992  0.402502  0.312340   
1  0.216123        0.424774  0.137943  0.181416  0.313976  0.259609   
2  0.228468        0.446523  0.231051  0.268098  0.398358  0.273108   
3  0.224972        0.427043  0.103285  0.179988  0.296421  0.267633   
4  0.246025        0.456259  0.116771  0.125466  0.327092  0.288326   

   P3_FE_standard  P3_FE_AL  P3_FE_AH  P3_FE_BL  P3_FE_BH  CP4_mean_standard  \
0        0.310646  0.151993  0.179499  0.279171  0.347534           0.000004   
1        0.292660  0.142783  0.180074  0.251373  0.346401           0.000006   
2        0.282803  0.185008  0.218682  0.293426  0.346324           0.000011   
3        0.313106  0.137308  0.184821  0.250708  0.347382           0.000007   
4        0.291385  0.143213  0.163224  0.259041  0.347239           0.000001   

    CP4_mean_AL   CP4_mean_AH   CP4_mean_BL   CP4_mean_BH  CP4_std_standard  \
0  1.536423e-09  1.624998e-08  8.821330e-09 -1.074313e-09          0.000003   
1 -2.130655e-08 -1.810367e-08 -1.511403e-09  7.595904e-09          0.000004   
2  5.497495e-09 -9.742357e-09  5.225447e-11 -1.319081e-09          0.000005   
3  2.544097e-09  2.371049e-09 -2.356462e-08 -1.843357e-08          0.000003   
4  4.449846e-09  6.040262e-09  1.827888e-08  1.023637e-08          0.000004   

     CP4_std_AL    CP4_std_AH    CP4_std_BL  CP4_std_BH  CP4_psd_standard  \
0  8.742542e-07  9.932833e-07  1.025938e-06    0.000002      6.365688e-14   
1  1.310428e-06  8.190244e-07  8.461291e-07    0.000002      8.891269e-14   
2  6.312410e-07  7.813009e-07  7.745512e-07    0.000002      3.892372e-14   
3  1.069939e-06  1.109726e-06  9.376494e-07    0.000002      6.697849e-14   
4  1.352860e-06  1.142326e-06  8.020368e-07    0.000002      6.763522e-14   

     CP4_psd_AL    CP4_psd_AH    CP4_psd_BL    CP4_psd_BH  CP4_PE_standard  \
0  7.009144e-20  2.369220e-20  4.806772e-21  5.559223e-21         3.539193   
1  2.233464e-19  5.214569e-20  7.755839e-21  3.456387e-21         3.530727   
2  1.440179e-19  4.263787e-20  3.544655e-21  4.383430e-21         2.618088   
3  1.758295e-19  4.344602e-20  2.544068e-21  3.445268e-21         3.815234   
4  4.014018e-19  1.021128e-19  5.387930e-21  4.025483e-21         3.090261   

   CP4_PE_AL  CP4_PE_AH  CP4_PE_BL  CP4_PE_BH  CP4_AE_standard  CP4_AE_AL  \
0   2.751471   2.486203   3.154930   1.247443         0.355350   0.258273   
1   1.943984   2.098009   3.065745   1.109181         0.314156   0.203318   
2   2.300393   2.445861   2.798582   1.036245         0.266127   0.242216   
3   2.498685   2.161329   3.266035   1.340163         0.362637   0.233665   
4   2.260554   2.232043   3.226343   1.238652         0.292041   0.218054   

   CP4_AE_AH  CP4_AE_BL  CP4_AE_BH  CP4_SE_standard  CP4_SE_AL  CP4_SE_AH  \
0   0.319858   0.416191   0.501086         0.323219   0.228608   0.285236   
1   0.291313   0.443281   0.434801         0.298898   0.187784   0.256711   
2   0.322172   0.413919   0.410129         0.250170   0.206306   0.285706   
3   0.307304   0.401305   0.478319         0.336713   0.192445   0.283259   
4   0.282716   0.440789   0.402568         0.260875   0.162592   0.234287   

   CP4_SE_BL  CP4_SE_BH  CP4_FE_standard  CP4_FE_AL  CP4_FE_AH  CP4_FE_BL  \
0   0.405780   0.513014         0.239040   0.185369   0.209362   0.267616   
1   0.387595   0.436462         0.207488   0.155047   0.199004   0.279181   
2   0.366161   0.425318         0.187359   0.183155   0.215366   0.263369   
3   0.333505   0.466815         0.236882   0.168579   0.201532   0.249841   
4   0.369552   0.404188         0.196419   0.155719   0.190638   0.269705   

   CP4_FE_BH  P4_mean_standard    P4_mean_AL    P4_mean_AH    P4_mean_BL  \
0   0.372714      2.114785e-06 -4.541729e-09  3.341602e-08  2.645796e-09   
1   0.371478     -1.875722e-06 -3.183429e-08 -1.721678e-08 -5.980584e-09   
2   0.375648      1.612624e-06  2.483506e-09 -1.791724e-08  1.606462e-08   
3   0.377612      5.476957e-07  5.881047e-08  3.626751e-08 -1.493268e-08   
4   0.371990     -6.835572e-06 -6.693200e-09  1.016888e-08  1.284900e-08   

     P4_mean_BH  P4_std_standard     P4_std_AL     P4_std_AH     P4_std_BL  \
0 -1.687824e-08         0.000006  2.174278e-06  1.863854e-06  1.444374e-06   
1  1.520251e-08         0.000006  2.315512e-06  1.606455e-06  1.373001e-06   
2 -8.758667e-09         0.000006  9.004393e-07  7.944761e-07  9.293628e-07   
3 -5.117433e-09         0.000007  2.084996e-06  1.706321e-06  1.376581e-06   
4  3.859264e-09         0.000006  2.034713e-06  1.870863e-06  1.341499e-06   

   P4_std_BH  P4_psd_standard     P4_psd_AL     P4_psd_AH     P4_psd_BL  \
0   0.000003     1.971871e-13  9.048959e-19  1.618028e-19  1.277270e-20   
1   0.000003     2.430169e-13  6.405449e-19  2.048346e-19  1.263119e-20   
2   0.000003     7.143186e-14  7.419976e-20  2.007325e-20  5.414052e-21   
3   0.000003     2.171913e-13  4.839972e-19  8.388869e-20  3.765384e-21   
4   0.000003     1.842125e-13  9.406419e-19  2.441045e-19  2.278481e-20   

      P4_psd_BH  P4_PE_standard  P4_PE_AL  P4_PE_AH  P4_PE_BL  P4_PE_BH  \
0  1.538882e-20        3.107383  2.458291  2.361641  2.836530  1.024469   
1  1.116154e-20        3.634180  2.160918  2.543234  2.845210  0.795775   
2  1.058009e-20        2.997246  3.423075  2.731733  3.274131  0.687126   
3  1.285954e-20        3.383536  2.830981  2.707223  2.843716  0.614119   
4  1.106607e-20        3.297773  2.490579  2.412541  2.857057  0.825083   

   P4_AE_standard  P4_AE_AL  P4_AE_AH  P4_AE_BL  P4_AE_BH  P4_SE_standard  \
0        0.316702  0.203162  0.266685  0.415152  0.461069        0.297262   
1        0.357638  0.188379  0.257274  0.382219  0.319907        0.332610   
2        0.339647  0.226767  0.286141  0.407334  0.364792        0.315334   
3        0.333136  0.180276  0.263923  0.391328  0.366496        0.311243   
4        0.343607  0.183187  0.224519  0.382838  0.430894        0.307615   

   P4_SE_AL  P4_SE_AH  P4_SE_BL  P4_SE_BH  P4_FE_standard  P4_FE_AL  P4_FE_AH  \
0  0.119567  0.218811  0.398077  0.461522        0.209824  0.136327  0.174696   
1  0.140787  0.169174  0.290131  0.347443        0.221760  0.133413  0.169454   
2  0.206117  0.172520  0.392075  0.390099        0.212947  0.168198  0.192643   
3  0.097717  0.187996  0.317993  0.382576        0.208534  0.127779  0.174909   
4  0.099712  0.118996  0.285450  0.417739        0.208363  0.132394  0.150768   

   P4_FE_BL  P4_FE_BH  C3_mean_standard    C3_mean_AL    C3_mean_AH  \
0  0.266680  0.353348      1.355697e-23  6.489022e-23  8.950988e-24   
1  0.231465  0.352959     -3.500034e-23  6.462402e-23  4.026642e-24   
2  0.277184  0.354924     -1.629688e-23  6.421741e-23  2.175446e-24   
3  0.237406  0.353277     -1.110550e-22  6.373141e-23  8.962271e-25   
4  0.235079  0.355218     -9.992528e-23  6.532871e-23  2.678928e-24   

     C3_mean_BL    C3_mean_BH  C3_std_standard     C3_std_AL     C3_std_AH  \
0 -4.616931e-23 -4.587150e-23     5.530283e-23  2.757701e-23  9.859668e-24   
1 -4.718569e-23 -4.706780e-23     5.628451e-23  1.488882e-23  1.087642e-23   
2 -4.973357e-23 -4.354849e-23     6.860096e-23  9.582101e-24  8.626185e-24   
3 -4.832715e-23 -4.560971e-23     5.655249e-23  1.261786e-23  1.455096e-23   
4 -4.520355e-23 -4.276384e-23     5.776852e-23  1.221764e-23  1.071963e-23   

      C3_std_BL     C3_std_BH  C3_psd_standard     C3_psd_AL     C3_psd_AH  \
0  1.404210e-23  1.345113e-23     1.602071e-47  4.161869e-51  2.523116e-50   
1  1.405947e-23  1.177553e-23     1.648297e-47  3.385175e-51  1.156024e-50   
2  1.979371e-23  1.771713e-23     1.800100e-47  7.089445e-51  1.420420e-50   
3  1.922726e-23  1.424592e-23     1.235052e-47  2.023262e-51  8.239153e-51   
4  1.466351e-23  1.132944e-23     1.266231e-47  6.194828e-51  1.083252e-50   

      C3_psd_BL     C3_psd_BH  C3_PE_standard  C3_PE_AL  C3_PE_AH  C3_PE_BL  \
0  4.397583e-51  5.543794e-51        4.037098  1.022940  3.891923  3.432611   
1  5.218351e-51  4.158985e-51        4.003284  2.955477  2.866351  3.837632   
2  2.952629e-51  4.041272e-51        3.642235  2.833666  3.349791  2.805870   
3  5.093519e-51  3.050162e-51        4.226636  2.411995  2.343669  3.433530   
4  3.594066e-51  1.288570e-50        3.835680  2.626909  3.067975  3.235049   

   C3_PE_BH  C3_AE_standard  C3_AE_AL  C3_AE_AH  C3_AE_BL  C3_AE_BH  \
0  3.539129        0.901394  0.301804  1.137068  0.781218  0.791528   
1  3.922889        0.914600  0.476858  0.824198  0.780984  0.790466   
2  3.710671        0.764814  0.770451  0.951484  0.651016  0.703640   
3  4.019538        0.834559  0.606664  0.727104  0.618676  0.742016   
4  3.705116        0.790498  0.674755  0.831080  0.759910  0.965656   

   C3_SE_standard  C3_SE_AL  C3_SE_AH  C3_SE_BL  C3_SE_BH  C3_FE_standard  \
0        0.877677  0.284070  1.138822  0.697943  0.737929        0.535413   
1        0.880749  0.427059  0.780861  0.729126  0.714948        0.540676   
2        0.704191  0.722165  0.903150  0.595407  0.678320        0.455582   
3        0.801097  0.534615  0.635163  0.590195  0.708330        0.499533   
4        0.718319  0.594600  0.752920  0.681501  0.840496        0.456334   

   C3_FE_AL  C3_FE_AH  C3_FE_BL  C3_FE_BH  FP1_mean_standard   FP1_mean_AL  \
0  0.242900  0.688585  0.461347  0.483311           0.000002  2.724726e-08   
1  0.317366  0.476202  0.468039  0.486036           0.000008  2.188100e-09   
2  0.452817  0.547290  0.401322  0.461438           0.000015 -2.065468e-08   
3  0.372639  0.426931  0.393748  0.461583           0.000010  1.311513e-08   
4  0.399930  0.490151  0.455872  0.560208           0.000003  1.470554e-08   

    FP1_mean_AH   FP1_mean_BL   FP1_mean_BH  FP1_std_standard    FP1_std_AL  \
0  2.121635e-08  2.046299e-09 -9.926800e-09          0.000005  1.649218e-06   
1 -2.744358e-09  1.168510e-08  2.117297e-08          0.000005  1.591020e-06   
2 -2.265566e-08 -1.001643e-08 -1.752981e-08          0.000004  7.489439e-07   
3  5.785340e-09 -2.128467e-08 -2.326912e-08          0.000005  1.533323e-06   
4  5.980008e-09  1.165105e-08  1.392061e-08          0.000005  1.930525e-06   

   FP1_std_AH  FP1_std_BL  FP1_std_BH  FP1_psd_standard    FP1_psd_AL  \
0    0.000001    0.000001    0.000003      1.269097e-13  3.296404e-19   
1    0.000001    0.000001    0.000003      1.753028e-13  3.884461e-19   
2    0.000001    0.000001    0.000003      9.738598e-14  1.836115e-19   
3    0.000001    0.000001    0.000003      1.447028e-13  3.241184e-19   
4    0.000001    0.000001    0.000003      1.562387e-13  4.354811e-19   

     FP1_psd_AH    FP1_psd_BL    FP1_psd_BH  FP1_PE_standard  FP1_PE_AL  \
0  5.570143e-20  8.180173e-21  1.716036e-20         3.674023   2.076465   
1  1.777506e-19  2.946189e-20  1.388663e-20         3.561202   2.289476   
2  5.095847e-20  6.036357e-21  1.863165e-20         2.952897   2.818225   
3  8.527228e-20  1.434483e-20  1.264515e-20         3.667555   2.381303   
4  1.515906e-19  2.167752e-20  1.354533e-20         3.840142   2.327829   

   FP1_PE_AH  FP1_PE_BL  FP1_PE_BH  FP1_AE_standard  FP1_AE_AL  FP1_AE_AH  \
0   2.096052   3.067351   0.944321         0.440576   0.233866   0.281598   
1   2.352908   3.053901   0.888506         0.462252   0.205910   0.303792   
2   2.911268   3.282714   0.931101         0.523924   0.239519   0.317919   
3   2.280509   3.527403   1.007880         0.449660   0.224858   0.283764   
4   2.543049   2.975170   1.141015         0.422725   0.194244   0.298899   

   FP1_AE_BL  FP1_AE_BH  FP1_SE_standard  FP1_SE_AL  FP1_SE_AH  FP1_SE_BL  \
0   0.449599   0.465473         0.402603   0.220914   0.270777   0.368240   
1   0.407699   0.352239         0.445408   0.127950   0.246255   0.258580   
2   0.440273   0.427774         0.510795   0.185201   0.277750   0.379170   
3   0.437177   0.403789         0.424730   0.150617   0.230830   0.411811   
4   0.420522   0.458811         0.375601   0.131371   0.255925   0.396106   

   FP1_SE_BH  FP1_FE_standard  FP1_FE_AL  FP1_FE_AH  FP1_FE_BL  FP1_FE_BH  \
0   0.478155         0.270647   0.164331   0.191855   0.268283   0.357237   
1   0.374879         0.282266   0.144725   0.196042   0.245187   0.352998   
2   0.437349         0.329798   0.175630   0.211213   0.264704   0.356687   
3   0.418631         0.272157   0.153281   0.190945   0.268104   0.355232   
4   0.439834         0.250958   0.136542   0.196063   0.258020   0.356911   

   T5_mean_standard    T5_mean_AL    T5_mean_AH    T5_mean_BL    T5_mean_BH  \
0     -7.145445e-24  4.841197e-23  6.646737e-24 -3.456658e-23 -3.426620e-23   
1     -2.021242e-23  4.882439e-23  3.177637e-24 -3.571368e-23 -3.547024e-23   
2     -2.292579e-23  4.821426e-23  1.669406e-24 -3.708032e-23 -3.248546e-23   
3     -6.394458e-23  4.741821e-23  7.169338e-25 -3.594976e-23 -3.425979e-23   
4     -5.853606e-23  4.920133e-23  1.998934e-24 -3.418278e-23 -3.230914e-23   

   T5_std_standard     T5_std_AL     T5_std_AH     T5_std_BL     T5_std_BH  \
0     1.511016e-12  3.953961e-13  4.502940e-13  6.154691e-13  1.186397e-12   
1     1.511016e-12  3.953961e-13  4.502940e-13  6.154691e-13  1.186397e-12   
2     1.511016e-12  3.953961e-13  4.502940e-13  6.154691e-13  1.186397e-12   
3     1.511016e-12  3.953961e-13  4.502940e-13  6.154691e-13  1.186397e-12   
4     1.511016e-12  3.953961e-13  4.502940e-13  6.154691e-13  1.186397e-12   

   T5_psd_standard     T5_psd_AL     T5_psd_AH     T5_psd_BL     T5_psd_BH  \
0     5.010759e-48  4.134240e-51  2.085474e-50  2.227044e-51  3.534015e-51   
1     3.878797e-48  9.224200e-52  5.423483e-51  3.410390e-51  2.066653e-51   
2     4.132846e-48  2.305717e-51  1.317752e-50  2.746123e-51  2.050249e-51   
3     5.545358e-48  1.133966e-51  7.188817e-51  2.237351e-51  1.460997e-51   
4     3.956955e-48  3.506016e-51  7.105773e-51  3.869722e-51  8.248944e-51   

   T5_PE_standard      T5_PE_AL      T5_PE_AH      T5_PE_BL      T5_PE_BH  \
0    2.779512e-20  1.722502e-19  5.347976e-20  1.340172e-20  4.083480e-21   
1    2.034805e-20  3.338537e-20  2.760042e-20  1.321941e-20  6.749634e-21   
2    3.353253e-20  7.765692e-20  3.219630e-20  2.493914e-20  4.720459e-21   
3    3.474202e-20  1.119501e-19  1.561090e-20  2.652404e-20  5.584138e-21   
4    3.791955e-20  3.692424e-20  1.888402e-20  3.583991e-20  6.476662e-21   

   T5_AE_standard      T5_AE_AL      T5_AE_AH      T5_AE_BL      T5_AE_BH  \
0    5.010016e-07  5.010016e-07  5.010016e-07  5.010016e-07  5.010016e-07   
1    5.010016e-07  5.010016e-07  5.010016e-07  5.010016e-07  5.010016e-07   
2    5.010016e-07  5.010016e-07  5.010016e-07  5.010016e-07  5.010016e-07   
3    5.010016e-07  5.010016e-07  5.010016e-07  5.010016e-07  5.010016e-07   
4    5.010016e-07  5.010016e-07  5.010016e-07  5.010016e-07  5.010016e-07   

   T5_SE_standard  T5_SE_AL  T5_SE_AH  T5_SE_BL  T5_SE_BH  T5_FE_standard  \
0            -0.0      -0.0      -0.0      -0.0      -0.0        0.000044   
1            -0.0      -0.0      -0.0      -0.0      -0.0        0.000044   
2            -0.0      -0.0      -0.0      -0.0      -0.0        0.000044   
3            -0.0      -0.0      -0.0      -0.0      -0.0        0.000044   
4            -0.0      -0.0      -0.0      -0.0      -0.0        0.000044   

   T5_FE_AL  T5_FE_AH  T5_FE_BL  T5_FE_BH  FC3_mean_standard   FC3_mean_AL  \
0  0.000044  0.000044  0.000044  0.000044       9.001719e-07 -3.339817e-09   
1  0.000044  0.000044  0.000044  0.000044       1.212581e-05 -3.028555e-08   
2  0.000044  0.000044  0.000044  0.000044       2.255115e-05  2.114414e-08   
3  0.000044  0.000044  0.000044  0.000044       1.803925e-05 -2.102859e-08   
4  0.000044  0.000044  0.000044  0.000044       6.500102e-06  1.618448e-08   

    FC3_mean_AH   FC3_mean_BL   FC3_mean_BH  FC3_std_standard    FC3_std_AL  \
0  9.340780e-09  6.700272e-09 -5.174033e-09          0.000003  8.805390e-07   
1 -1.608565e-08 -3.435700e-09  6.543984e-09          0.000006  1.363681e-06   
2 -4.103127e-09 -2.356194e-09 -2.295594e-09          0.000004  4.232303e-07   
3 -4.868642e-09 -1.709415e-08 -1.313737e-08          0.000004  9.641426e-07   
4  1.052422e-08  2.025499e-08  1.182304e-08          0.000004  1.226012e-06   

     FC3_std_AH    FC3_std_BL    FC3_std_BH  FC3_psd_standard    FC3_psd_AL  \
0  9.287946e-07  9.456004e-07  8.190513e-07      4.140198e-14  6.667713e-20   
1  7.241522e-07  8.310600e-07  7.505150e-07      5.918140e-14  1.635125e-19   
2  3.741682e-07  5.522043e-07  5.514212e-07      1.585243e-14  1.824150e-20   
3  8.871901e-07  8.756826e-07  6.412296e-07      4.861958e-14  1.362625e-19   
4  1.105905e-06  7.260070e-07  6.932432e-07      5.432080e-14  3.841730e-19   

     FC3_psd_AH    FC3_psd_BL    FC3_psd_BH  FC3_PE_standard  FC3_PE_AL  \
0  1.951900e-20  3.337675e-21  1.266775e-21         3.873655   2.744749   
1  5.176215e-20  8.391215e-21  7.624843e-22         2.512172   1.806970   
2  8.291099e-21  1.472427e-21  6.450189e-22         1.677662   3.225348   
3  3.138894e-20  3.386274e-21  6.049215e-22         3.274571   2.735151   
4  9.101101e-20  6.881713e-21  5.722668e-22         2.233063   1.899066   

   FC3_PE_AH  FC3_PE_BL  FC3_PE_BH  FC3_AE_standard  FC3_AE_AL  FC3_AE_AH  \
0   2.410517   3.066499   3.111330         0.214570   0.251106   0.320327   
1   2.545065   2.951218   3.260316         0.097918   0.190514   0.302273   
2   2.969987   3.090425   3.408032         0.158512   0.223157   0.357308   
3   2.529770   3.311987   3.583329         0.172559   0.226335   0.302583   
4   2.032166   3.494785   3.233365         0.162385   0.239417   0.281779   

   FC3_AE_BL  FC3_AE_BH  FC3_SE_standard  FC3_SE_AL  FC3_SE_AH  FC3_SE_BL  \
0   0.413474   0.611854         0.193318   0.238705   0.292385   0.401858   
1   0.429042   0.636515         0.092400   0.182658   0.243730   0.333582   
2   0.463352   0.765376         0.141931   0.226343   0.327233   0.425562   
3   0.384750   0.622827         0.147339   0.192681   0.264617   0.333454   
4   0.432409   0.673848         0.145654   0.201161   0.248452   0.364745   

   FC3_SE_BH  FC3_FE_standard  FC3_FE_AL  FC3_FE_AH  FC3_FE_BL  FC3_FE_BH  \
0   0.622182         0.174859   0.189245   0.218659   0.277230   0.413941   
1   0.559828         0.098737   0.153767   0.213486   0.274807   0.392578   
2   0.726416         0.142768   0.186279   0.251002   0.303478   0.433019   
3   0.531038         0.154782   0.171341   0.209427   0.261864   0.380567   
4   0.634278         0.140229   0.171760   0.198105   0.280395   0.413530   

   F4_mean_standard    F4_mean_AL    F4_mean_AH    F4_mean_BL    F4_mean_BH  \
0     -7.660675e-24  4.876221e-23  6.563899e-24 -3.445059e-23 -3.405949e-23   
1     -3.516890e-23  4.854738e-23  2.952521e-24 -3.566183e-23 -3.560489e-23   
2     -3.947142e-23  4.811218e-23  1.684482e-24 -3.729167e-23 -3.247131e-23   
3     -7.062725e-23  4.749138e-23  8.265441e-25 -3.571267e-23 -3.428989e-23   
4     -6.324644e-23  4.922189e-23  1.861008e-24 -3.437956e-23 -3.213069e-23   

   F4_std_standard     F4_std_AL     F4_std_AH     F4_std_BL     F4_std_BH  \
0     1.511016e-12  3.953961e-13  4.502940e-13  6.154691e-13  1.186397e-12   
1     1.511016e-12  3.953961e-13  4.502940e-13  6.154691e-13  1.186397e-12   
2     1.511016e-12  3.953961e-13  4.502940e-13  6.154691e-13  1.186397e-12   
3     1.511016e-12  3.953961e-13  4.502940e-13  6.154691e-13  1.186397e-12   
4     1.511016e-12  3.953961e-13  4.502940e-13  6.154691e-13  1.186397e-12   

   F4_psd_standard     F4_psd_AL     F4_psd_AH     F4_psd_BL     F4_psd_BH  \
0     5.703948e-48  2.131336e-51  1.351976e-50  2.788365e-51  2.161250e-51   
1     4.438765e-48  3.363249e-51  8.214897e-51  2.488015e-51  1.371770e-51   
2     5.177895e-48  4.148275e-51  1.053479e-50  2.014685e-51  3.109655e-51   
3     5.106082e-48  1.386502e-51  6.821142e-51  1.902606e-51  1.896645e-51   
4     4.008213e-48  3.704962e-51  5.791935e-51  2.579878e-51  6.505032e-51   

   F4_PE_standard      F4_PE_AL      F4_PE_AH      F4_PE_BL      F4_PE_BH  \
0    3.429500e-20  1.718462e-19  2.583008e-20  2.926455e-20  6.867972e-21   
1    2.438310e-20  6.514222e-20  3.119049e-20  7.873442e-20  6.509658e-21   
2    3.085744e-20  4.473296e-20  1.645212e-20  5.468195e-20  1.072680e-20   
3    2.805413e-20  6.022903e-20  1.531099e-20  6.338134e-20  7.326634e-21   
4    3.788998e-20  4.212791e-20  2.522557e-20  3.407829e-20  7.125836e-21   

   F4_AE_standard      F4_AE_AL      F4_AE_AH      F4_AE_BL      F4_AE_BH  \
0    5.010016e-07  5.010016e-07  5.010016e-07  5.010016e-07  5.010016e-07   
1    5.010016e-07  5.010016e-07  5.010016e-07  5.010016e-07  5.010016e-07   
2    5.010016e-07  5.010016e-07  5.010016e-07  5.010016e-07  5.010016e-07   
3    5.010016e-07  5.010016e-07  5.010016e-07  5.010016e-07  5.010016e-07   
4    5.010016e-07  5.010016e-07  5.010016e-07  5.010016e-07  5.010016e-07   

   F4_SE_standard  F4_SE_AL  F4_SE_AH  F4_SE_BL  F4_SE_BH  F4_FE_standard  \
0            -0.0      -0.0      -0.0      -0.0      -0.0        0.000044   
1            -0.0      -0.0      -0.0      -0.0      -0.0        0.000044   
2            -0.0      -0.0      -0.0      -0.0      -0.0        0.000044   
3            -0.0      -0.0      -0.0      -0.0      -0.0        0.000044   
4            -0.0      -0.0      -0.0      -0.0      -0.0        0.000044   

   F4_FE_AL  F4_FE_AH  F4_FE_BL  F4_FE_BH  FT7_mean_standard   FT7_mean_AL  \
0  0.000044  0.000044  0.000044  0.000044       1.150345e-23  3.770784e-23   
1  0.000044  0.000044  0.000044  0.000044      -1.755003e-23  3.772603e-23   
2  0.000044  0.000044  0.000044  0.000044      -1.562177e-23  3.744062e-23   
3  0.000044  0.000044  0.000044  0.000044      -4.868309e-23  3.741523e-23   
4  0.000044  0.000044  0.000044  0.000044      -6.362384e-23  3.796074e-23   

    FT7_mean_AH   FT7_mean_BL   FT7_mean_BH  FT7_std_standard    FT7_std_AL  \
0  5.228499e-24 -2.716936e-23 -2.673408e-23      7.555081e-12  1.976980e-12   
1  2.168577e-24 -2.756121e-23 -2.761239e-23      7.555081e-12  1.976980e-12   
2  1.365804e-24 -2.888556e-23 -2.513004e-23      7.555081e-12  1.976980e-12   
3  6.735383e-25 -2.813743e-23 -2.683037e-23      7.555081e-12  1.976980e-12   
4  1.292961e-24 -2.661660e-23 -2.498137e-23      7.555081e-12  1.976980e-12   

     FT7_std_AH    FT7_std_BL    FT7_std_BH  FT7_psd_standard    FT7_psd_AL  \
0  2.251470e-12  3.077346e-12  5.931985e-12      3.925846e-48  2.186256e-51   
1  2.251470e-12  3.077346e-12  5.931985e-12      4.529371e-48  6.632802e-52   
2  2.251470e-12  3.077346e-12  5.931985e-12      4.893599e-48  1.155013e-51   
3  2.251470e-12  3.077346e-12  5.931985e-12      3.491384e-48  1.210444e-51   
4  2.251470e-12  3.077346e-12  5.931985e-12      3.339192e-48  1.965201e-51   

     FT7_psd_AH    FT7_psd_BL    FT7_psd_BH  FT7_PE_standard     FT7_PE_AL  \
0  1.359027e-50  1.324928e-51  1.849505e-51     1.184154e-21  4.668883e-21   
1  4.343080e-51  9.870356e-52  1.309698e-51     1.353997e-21  6.915198e-22   
2  3.302663e-51  9.620052e-52  1.004874e-51     1.370317e-21  1.289890e-21   
3  2.886682e-51  1.401550e-51  1.649313e-51     8.304483e-22  1.253886e-21   
4  2.818004e-51  1.350199e-51  9.457399e-51     8.953971e-22  9.460173e-22   

      FT7_PE_AH     FT7_PE_BL     FT7_PE_BH  FT7_AE_standard     FT7_AE_AL  \
0  2.180756e-21  1.166219e-21  1.463316e-22     5.010016e-07  5.010016e-07   
1  6.775559e-22  1.341446e-21  1.304901e-22     5.010016e-07  5.010016e-07   
2  7.752421e-22  1.112031e-21  2.077284e-22     5.010016e-07  5.010016e-07   
3  8.793273e-22  7.569890e-22  1.899803e-22     5.010016e-07  5.010016e-07   
4  9.277850e-22  7.362783e-22  2.746664e-22     5.010016e-07  5.010016e-07   

      FT7_AE_AH     FT7_AE_BL     FT7_AE_BH  FT7_SE_standard  FT7_SE_AL  \
0  5.010016e-07  5.010016e-07  5.010016e-07             -0.0       -0.0   
1  5.010016e-07  5.010016e-07  5.010016e-07             -0.0       -0.0   
2  5.010016e-07  5.010016e-07  5.010016e-07             -0.0       -0.0   
3  5.010016e-07  5.010016e-07  5.010016e-07             -0.0       -0.0   
4  5.010016e-07  5.010016e-07  5.010016e-07             -0.0       -0.0   

   FT7_SE_AH  FT7_SE_BL  FT7_SE_BH  FT7_FE_standard  FT7_FE_AL  FT7_FE_AH  \
0       -0.0       -0.0       -0.0         0.000044   0.000044   0.000044   
1       -0.0       -0.0       -0.0         0.000044   0.000044   0.000044   
2       -0.0       -0.0       -0.0         0.000044   0.000044   0.000044   
3       -0.0       -0.0       -0.0         0.000044   0.000044   0.000044   
4       -0.0       -0.0       -0.0         0.000044   0.000044   0.000044   

   FT7_FE_BL  FT7_FE_BH  FT8_mean_standard   FT8_mean_AL   FT8_mean_AH  \
0   0.000044   0.000044       2.024690e-23  5.929430e-23  8.154565e-24   
1   0.000044   0.000044      -6.280989e-24  5.988649e-23  3.789335e-24   
2   0.000044   0.000044      -6.848215e-24  5.873066e-23  2.037915e-24   
3   0.000044   0.000044      -6.360916e-23  5.790827e-23  8.890204e-25   
4   0.000044   0.000044      -8.164314e-23  6.042589e-23  2.327828e-24   

    FT8_mean_BL   FT8_mean_BH  FT8_std_standard    FT8_std_AL    FT8_std_AH  \
0 -4.236984e-23 -4.197882e-23      1.511016e-12  3.953961e-13  4.502940e-13   
1 -4.326532e-23 -4.326255e-23      1.511016e-12  3.953961e-13  4.502940e-13   
2 -4.566002e-23 -3.967649e-23      1.511016e-12  3.953961e-13  4.502940e-13   
3 -4.369739e-23 -4.211696e-23      1.511016e-12  3.953961e-13  4.502940e-13   
4 -4.209215e-23 -3.913305e-23      1.511016e-12  3.953961e-13  4.502940e-13   

     FT8_std_BL    FT8_std_BH  FT8_psd_standard    FT8_psd_AL    FT8_psd_AH  \
0  6.154691e-13  1.186397e-12      9.243150e-48  4.514869e-51  3.846581e-50   
1  6.154691e-13  1.186397e-12      5.778776e-48  3.431726e-51  9.190645e-51   
2  6.154691e-13  1.186397e-12      8.114370e-48  2.709838e-51  1.350692e-50   
3  6.154691e-13  1.186397e-12      4.975034e-48  2.794175e-51  5.332987e-51   
4  6.154691e-13  1.186397e-12      7.531349e-48  2.703412e-51  6.778629e-51   

     FT8_psd_BL    FT8_psd_BH  FT8_PE_standard     FT8_PE_AL     FT8_PE_AH  \
0  2.961651e-51  6.039483e-51     5.708417e-20  2.025535e-19  4.841439e-20   
1  3.352257e-51  3.141503e-51     3.942711e-20  8.432110e-20  3.790726e-20   
2  3.237167e-51  1.691975e-51     5.012655e-20  3.762582e-20  8.595420e-20   
3  3.077257e-51  4.471310e-51     5.186073e-20  6.896068e-20  3.625509e-20   
4  3.550051e-51  1.407609e-50     4.764225e-20  6.056040e-20  3.808919e-20   

      FT8_PE_BL     FT8_PE_BH  FT8_AE_standard     FT8_AE_AL     FT8_AE_AH  \
0  5.140697e-20  1.056480e-20     5.010016e-07  5.010016e-07  5.010016e-07   
1  6.883702e-20  8.254836e-21     5.010016e-07  5.010016e-07  5.010016e-07   
2  9.166187e-20  9.473677e-21     5.010016e-07  5.010016e-07  5.010016e-07   
3  6.395792e-20  1.117637e-20     5.010016e-07  5.010016e-07  5.010016e-07   
4  6.225155e-20  7.596197e-21     5.010016e-07  5.010016e-07  5.010016e-07   

      FT8_AE_BL     FT8_AE_BH  FT8_SE_standard  FT8_SE_AL  FT8_SE_AH  \
0  5.010016e-07  5.010016e-07             -0.0       -0.0       -0.0   
1  5.010016e-07  5.010016e-07             -0.0       -0.0       -0.0   
2  5.010016e-07  5.010016e-07             -0.0       -0.0       -0.0   
3  5.010016e-07  5.010016e-07             -0.0       -0.0       -0.0   
4  5.010016e-07  5.010016e-07             -0.0       -0.0       -0.0   

   FT8_SE_BL  FT8_SE_BH  FT8_FE_standard  FT8_FE_AL  FT8_FE_AH  FT8_FE_BL  \
0       -0.0       -0.0         0.000044   0.000044   0.000044   0.000044   
1       -0.0       -0.0         0.000044   0.000044   0.000044   0.000044   
2       -0.0       -0.0         0.000044   0.000044   0.000044   0.000044   
3       -0.0       -0.0         0.000044   0.000044   0.000044   0.000044   
4       -0.0       -0.0         0.000044   0.000044   0.000044   0.000044   

   FT8_FE_BH  O2_mean_standard    O2_mean_AL    O2_mean_AH    O2_mean_BL  \
0   0.000044     -7.399507e-10  1.089226e-12  1.687829e-13 -2.738028e-17   
1   0.000044     -2.183838e-10  3.124747e-11 -1.296505e-11 -1.617660e-11   
2   0.000044      3.900658e-09 -1.971657e-11 -1.448640e-11  4.509185e-12   
3   0.000044     -3.530416e-10 -1.262011e-11  2.728271e-11  1.166771e-11   
4   0.000044     -6.454261e-10 -6.307956e-16 -7.322947e-16 -4.275121e-16   

     O2_mean_BH  O2_std_standard     O2_std_AL     O2_std_AH     O2_std_BL  \
0  9.266798e-17     4.207079e-11  8.960257e-12  2.123999e-12  2.462157e-12   
1  2.367546e-11     3.691618e-09  1.561898e-09  1.497916e-09  1.498153e-09   
2 -1.557439e-11     9.795289e-09  2.517401e-09  2.412010e-09  2.371299e-09   
3 -8.100933e-12     3.384970e-09  1.286246e-09  1.332852e-09  1.783146e-09   
4  4.932873e-16     5.066157e-11  1.581668e-12  1.801362e-12  2.462089e-12   

      O2_std_BH  O2_psd_standard     O2_psd_AL     O2_psd_AH     O2_psd_BL  \
0  4.745723e-12     1.839355e-25  2.321219e-27  9.394255e-30  3.363282e-29   
1  1.169030e-09     1.185056e-19  4.479121e-25  1.287604e-25  2.291474e-26   
2  5.052155e-09     4.603172e-19  1.156397e-24  2.610052e-25  4.514207e-26   
3  1.743722e-09     9.442256e-20  2.050331e-25  5.589415e-26  2.295191e-26   
4  4.745765e-12     2.495911e-25  7.079310e-34  8.478113e-30  2.101929e-29   

      O2_psd_BH  O2_PE_standard  O2_PE_AL  O2_PE_AH  O2_PE_BL  O2_PE_BH  \
0  3.668013e-31        2.437263  3.648736  2.529342  0.002994  0.001042   
1  7.734838e-27        5.174215  2.682052  2.618387  3.493505  4.325805   
2  3.656539e-26        4.040157  2.603259  2.408721  3.298837  2.825073   
3  2.352234e-27        5.359095  2.935692  2.869692  3.562543  3.760896   
4  2.379302e-31        2.413979  0.001931  0.003073  0.003331  0.001402   

   O2_AE_standard      O2_AE_AL      O2_AE_AH      O2_AE_BL      O2_AE_BH  \
0        0.004933  6.870695e-02  2.324607e-03  5.010016e-07  5.010016e-07   
1        0.105572  1.714354e-01  2.142558e-01  2.124824e-01  2.172115e-01   
2        0.229629  2.004110e-01  2.733627e-01  3.762412e-01  3.630803e-01   
3        0.077970  1.469967e-01  1.616320e-01  9.811635e-02  9.753369e-02   
4        0.001551  5.010016e-07  5.010016e-07  5.010016e-07  5.010016e-07   

   O2_SE_standard  O2_SE_AL  O2_SE_AH  O2_SE_BL  O2_SE_BH  O2_FE_standard  \
0        0.005901  0.008013  0.002068 -0.000000 -0.000000        0.081998   
1        0.033793  0.075102  0.067168  0.066690  0.067548        0.090300   
2        0.059724  0.125191  0.162528  0.193174  0.092749        0.175915   
3        0.020518  0.029710  0.025824  0.019284  0.022389        0.055388   
4        0.002658 -0.000000 -0.000000 -0.000000 -0.000000        0.083281   

   O2_FE_AL  O2_FE_AH  O2_FE_BL  O2_FE_BH  T3_mean_standard    T3_mean_AL  \
0  0.127194  0.027372  0.016270  0.009635          0.000014 -2.391738e-08   
1  0.117267  0.136257  0.144181  0.171870          0.000013 -2.991297e-08   
2  0.135317  0.161360  0.216161  0.240791          0.000021  1.692039e-08   
3  0.100948  0.107953  0.097825  0.096403          0.000010  2.929425e-08   
4  0.011154  0.013632  0.011990  0.007716          0.000002 -2.386303e-08   

     T3_mean_AH    T3_mean_BL    T3_mean_BH  T3_std_standard  T3_std_AL  \
0 -1.391399e-09 -8.175956e-09 -5.292588e-09         0.000007   0.000002   
1 -3.825703e-08 -6.220875e-09  1.337607e-08         0.000008   0.000003   
2 -3.479649e-09  9.646225e-09 -5.057138e-09         0.000011   0.000001   
3  2.061923e-08 -3.140518e-08 -2.728045e-08         0.000006   0.000002   
4 -2.599484e-08  1.598097e-08  2.347558e-08         0.000008   0.000003   

   T3_std_AH  T3_std_BL  T3_std_BH  T3_psd_standard     T3_psd_AL  \
0   0.000002   0.000002   0.000003     2.543902e-13  8.209174e-19   
1   0.000001   0.000001   0.000003     3.528576e-13  8.040637e-19   
2   0.000001   0.000001   0.000003     1.599093e-13  3.912968e-19   
3   0.000002   0.000002   0.000002     2.127407e-13  5.621641e-19   
4   0.000002   0.000002   0.000003     2.818760e-13  1.464073e-18   

      T3_psd_AH     T3_psd_BL     T3_psd_BH  T3_PE_standard  T3_PE_AL  \
0  2.124307e-19  1.958545e-20  1.469277e-20        3.566952  2.598210   
1  1.598890e-19  2.158035e-20  9.418259e-21        3.632461  1.858407   
2  1.288635e-19  1.068971e-20  1.156950e-20        2.395270  2.245933   
3  1.286565e-19  8.438070e-21  8.194820e-21        3.631442  2.500762   
4  3.855621e-19  3.483677e-20  1.039139e-20        3.326187  2.433685   

   T3_PE_AH  T3_PE_BL  T3_PE_BH  T3_AE_standard  T3_AE_AL  T3_AE_AH  T3_AE_BL  \
0  2.437493  2.874696  1.694239        0.310070  0.248447  0.296065  0.419791   
1  2.318564  2.922493  1.167340        0.279808  0.194174  0.280816  0.441844   
2  2.532837  2.842345  1.317993        0.171191  0.230339  0.314917  0.409201   
3  2.223160  3.226885  1.513453        0.328761  0.225872  0.300173  0.412256   
4  2.156325  2.875615  1.296270        0.266840  0.215231  0.279777  0.415905   

   T3_AE_BH  T3_SE_standard  T3_SE_AL  T3_SE_AH  T3_SE_BL  T3_SE_BH  \
0  0.530424        0.288187  0.198477  0.245353  0.382142  0.531693   
1  0.433791        0.261164  0.160917  0.248641  0.345687  0.428385   
2  0.426439        0.158648  0.230524  0.303685  0.333300  0.435934   
3  0.494007        0.307892  0.179544  0.261648  0.341447  0.485306   
4  0.455646        0.230912  0.152354  0.221549  0.374722  0.446096   

   T3_FE_standard  T3_FE_AL  T3_FE_AH  T3_FE_BL  T3_FE_BH  C4_mean_standard  \
0        0.194632  0.162380  0.180813  0.241627  0.343931      4.936510e-24   
1        0.184993  0.136284  0.180379  0.253735  0.349076     -1.705763e-23   
2        0.130600  0.167888  0.200110  0.240873  0.349698     -1.702389e-23   
3        0.204601  0.152487  0.187415  0.236256  0.352724     -6.958738e-23   
4        0.175045  0.143263  0.174390  0.244873  0.347739     -8.721131e-23   

     C4_mean_AL    C4_mean_AH    C4_mean_BL    C4_mean_BH  C4_std_standard  \
0  5.354020e-23  7.011794e-24 -3.849757e-23 -3.792183e-23     4.602985e-23   
1  5.442169e-23  3.476463e-24 -3.943702e-23 -3.942654e-23     4.293937e-23   
2  5.344279e-23  2.078996e-24 -4.135793e-23 -3.614843e-23     4.056839e-23   
3  5.237244e-23  5.975976e-25 -4.014518e-23 -3.820571e-23     5.034421e-23   
4  5.506618e-23  2.109918e-24 -3.790306e-23 -3.548086e-23     4.377005e-23   

      C4_std_AL     C4_std_AH     C4_std_BL     C4_std_BH  C4_psd_standard  \
0  1.921782e-23  1.150331e-23  1.584188e-23  1.567571e-23     1.431866e-47   
1  1.043358e-23  1.033290e-23  1.617928e-23  1.359546e-23     1.222440e-47   
2  1.316790e-23  1.167155e-23  1.381040e-23  1.319802e-23     9.355135e-48   
3  1.694658e-23  1.167322e-23  1.728052e-23  1.296640e-23     9.854691e-48   
4  1.843410e-23  1.384774e-23  1.165092e-23  1.282163e-23     9.706956e-48   

      C4_psd_AL     C4_psd_AH     C4_psd_BL     C4_psd_BH  C4_PE_standard  \
0  3.743748e-51  1.471498e-50  3.571913e-51  2.311096e-51        4.550008   
1  2.474272e-51  9.472381e-51  2.508677e-51  1.825585e-51        4.833123   
2  3.923336e-51  1.035250e-50  2.179724e-51  3.022691e-51        4.661202   
3  2.351943e-51  7.205172e-51  2.489684e-51  2.571715e-51        4.314330   
4  5.665122e-51  5.122724e-51  3.021457e-51  9.620793e-51        4.451016   

   C4_PE_AL  C4_PE_AH  C4_PE_BL  C4_PE_BH  C4_AE_standard  C4_AE_AL  C4_AE_AH  \
0  1.259086  3.003499  3.073603  3.392801        0.906172  0.353886  0.945688   
1  2.355747  3.411899  3.255807  3.609344        0.901752  0.565204  0.790963   
2  2.290178  2.796462  2.894945  3.839377        0.918843  0.492977  0.664677   
3  2.788945  3.140295  2.940862  3.862912        0.737149  0.397160  0.742820   
4  2.422373  2.161983  3.455316  3.848833        0.806188  0.407958  0.617074   

   C4_AE_BL  C4_AE_BH  C4_SE_standard  C4_SE_AL  C4_SE_AH  C4_SE_BL  C4_SE_BH  \
0  0.634952  0.731030        0.836206  0.323518  0.875595  0.549622  0.683374   
1  0.635502  0.695032        0.840916  0.472082  0.728692  0.562026  0.667021   
2  0.687797  0.720610        0.853818  0.433888  0.607460  0.601569  0.645915   
3  0.568756  0.709633        0.650363  0.360616  0.665953  0.514462  0.673724   
4  0.700312  0.853983        0.736673  0.384784  0.552517  0.597919  0.793828   

   C4_FE_standard  C4_FE_AL  C4_FE_AH  C4_FE_BL  C4_FE_BH  CP3_mean_standard  \
0        0.537159  0.263721  0.543676  0.392633  0.463990       9.289053e-07   
1        0.539223  0.352903  0.451937  0.390884  0.446428       7.737306e-06   
2        0.539994  0.318244  0.395918  0.421339  0.447992       1.776822e-05   
3        0.440103  0.280811  0.429892  0.362887  0.457537       1.315442e-05   
4        0.477877  0.291687  0.371707  0.429377  0.524254      -2.365673e-07   

    CP3_mean_AL   CP3_mean_AH   CP3_mean_BL   CP3_mean_BH  CP3_std_standard  \
0  4.978445e-09  3.524857e-08  1.462863e-08 -8.444834e-09          0.000006   
1 -1.793773e-08 -1.552271e-08 -1.552325e-08  1.127700e-08          0.000007   
2 -3.751575e-09 -2.636453e-08  1.005155e-08 -6.060379e-09          0.000005   
3  2.154949e-08  1.529734e-08 -2.523308e-08 -1.541229e-08          0.000008   
4  9.753082e-09  1.633611e-08  2.073811e-08  8.114143e-09          0.000006   

     CP3_std_AL    CP3_std_AH    CP3_std_BL  CP3_std_BH  CP3_psd_standard  \
0  1.782597e-06  1.561743e-06  1.226879e-06    0.000004      2.275550e-13   
1  2.083992e-06  1.507633e-06  1.353885e-06    0.000004      2.744189e-13   
2  8.820975e-07  9.596701e-07  9.335438e-07    0.000004      1.260692e-13   
3  1.900237e-06  1.825975e-06  1.514917e-06    0.000004      2.665118e-13   
4  2.159572e-06  1.963753e-06  1.385888e-06    0.000004      2.231551e-13   

     CP3_psd_AL    CP3_psd_AH    CP3_psd_BL    CP3_psd_BH  CP3_PE_standard  \
0  4.600368e-19  6.211131e-20  1.040837e-20  2.829852e-20         3.144187   
1  5.337575e-19  2.018205e-19  1.740046e-20  2.500482e-20         3.340100   
2  2.135489e-19  4.123321e-20  4.874086e-21  2.529767e-20         2.753994   
3  5.550277e-19  1.140010e-19  7.346921e-21  2.722231e-20         3.237366   
4  1.011212e-18  2.856823e-19  2.576230e-20  2.477530e-20         3.180107   

   CP3_PE_AL  CP3_PE_AH  CP3_PE_BL  CP3_PE_BH  CP3_AE_standard  CP3_AE_AL  \
0   2.706983   2.621461   3.239570   0.465839         0.436073   0.211159   
1   2.153601   2.520913   2.908301   0.510819         0.404563   0.196862   
2   2.796347   2.734064   3.177232   0.411451         0.487747   0.237027   
3   2.758108   2.428455   2.892684   0.490719         0.404578   0.175944   
4   2.541457   2.448158   2.688037   0.529147         0.456209   0.196162   

   CP3_AE_AH  CP3_AE_BL  CP3_AE_BH  CP3_SE_standard  CP3_SE_AL  CP3_SE_AH  \
0   0.283798   0.421015   0.332122         0.423134   0.145884   0.233604   
1   0.275294   0.383679   0.278294         0.404208   0.141053   0.204391   
2   0.314918   0.407633   0.286178         0.483431   0.207531   0.281190   
3   0.272386   0.419049   0.319851         0.396589   0.085193   0.190610   
4   0.251109   0.390425   0.316133         0.434712   0.108194   0.140593   

   CP3_SE_BL  CP3_SE_BH  CP3_FE_standard  CP3_FE_AL  CP3_FE_AH  CP3_FE_BL  \
0   0.346207   0.355584         0.264620   0.148467   0.181357   0.258500   
1   0.330450   0.316573         0.250012   0.135976   0.180185   0.238434   
2   0.384663   0.325553         0.304520   0.174182   0.204428   0.262500   
3   0.355580   0.350382         0.244093   0.126575   0.174310   0.244033   
4   0.315721   0.334301         0.270367   0.132306   0.163663   0.239110   

   CP3_FE_BH  F7_mean_standard    F7_mean_AL    F7_mean_AH    F7_mean_BL  \
0   0.346962          0.000009 -1.737898e-08 -1.936251e-09  1.055215e-09   
1   0.345288          0.000002 -2.444801e-08 -2.830393e-08 -8.612706e-09   
2   0.345267         -0.000008  2.946926e-08  9.893070e-10  7.231924e-09   
3   0.345279         -0.000040  3.781314e-09  1.273917e-08 -1.336412e-08   
4   0.345562         -0.000069  3.814560e-09 -9.286809e-10  3.798812e-09   

     F7_mean_BH  F7_std_standard     F7_std_AL     F7_std_AH  F7_std_BL  \
0 -5.290878e-09         0.000009  1.695429e-06  1.927551e-06   0.000002   
1  1.151829e-08         0.000009  2.402409e-06  1.253015e-06   0.000001   
2 -9.596515e-09         0.000017  7.417088e-07  8.774337e-07   0.000001   
3 -1.687285e-08         0.000013  1.368687e-06  1.397653e-06   0.000001   
4  6.712296e-09         0.000009  2.167856e-06  1.831716e-06   0.000001   

   F7_std_BH  F7_psd_standard     F7_psd_AL     F7_psd_AH     F7_psd_BL  \
0   0.000006     4.001333e-13  5.815425e-19  1.804097e-19  1.310940e-20   
1   0.000006     4.761708e-13  5.540343e-19  1.114202e-19  1.737977e-20   
2   0.000006     3.022040e-13  1.301121e-19  3.996229e-20  9.959182e-21   
3   0.000006     3.692214e-13  2.650682e-19  6.097989e-20  1.418559e-20   
4   0.000006     4.558884e-13  1.171091e-18  2.641504e-19  1.769841e-19   

      F7_psd_BH  F7_PE_standard  F7_PE_AL  F7_PE_AH  F7_PE_BL  F7_PE_BH  \
0  6.136972e-20        2.568596  2.542138  2.231630  2.616762  0.463443   
1  5.932390e-20        2.525556  1.691134  2.412405  2.926038  0.313089   
2  5.518237e-20        2.002264  2.775778  2.795218  2.936656  0.278240   
3  5.495383e-20        3.064217  2.680915  2.315425  2.852290  0.234352   
4  6.161602e-20        2.633233  2.274985  1.918831  2.915447  0.266696   

   F7_AE_standard  F7_AE_AL  F7_AE_AH  F7_AE_BL  F7_AE_BH  F7_SE_standard  \
0        0.443925  0.243903  0.298060  0.412926  0.321172        0.436508   
1        0.422903  0.195431  0.285575  0.449848  0.265190        0.416667   
2        0.222587  0.219986  0.321149  0.423178  0.269623        0.215648   
3        0.317188  0.201736  0.271436  0.406037  0.243998        0.311194   
4        0.450465  0.212118  0.280890  0.415757  0.262145        0.451469   

   F7_SE_AL  F7_SE_AH  F7_SE_BL  F7_SE_BH  F7_FE_standard  F7_FE_AL  F7_FE_AH  \
0  0.206561  0.253479  0.366780  0.353272        0.267717  0.156471  0.177636   
1  0.169797  0.243858  0.386385  0.308419        0.286235  0.133787  0.174027   
2  0.206621  0.285624  0.402178  0.309292        0.155202  0.155035  0.196009   
3  0.137662  0.192896  0.336200  0.288353        0.194803  0.136581  0.171122   
4  0.160596  0.239274  0.365197  0.304310        0.265152  0.136179  0.169516   

   F7_FE_BL  F7_FE_BH  T6_mean_standard    T6_mean_AL    T6_mean_AH  \
0  0.233917  0.339882      6.778487e-24  3.244511e-23  4.475494e-24   
1  0.246411  0.338368     -1.750017e-23  3.231201e-23  2.013321e-24   
2  0.246555  0.337395     -8.148440e-24  3.210870e-23  1.087723e-24   
3  0.228500  0.337655     -5.552751e-23  3.186570e-23  4.481136e-25   
4  0.238313  0.338090     -4.996264e-23  3.266435e-23  1.339464e-24   

     T6_mean_BL    T6_mean_BH  T6_std_standard     T6_std_AL     T6_std_AH  \
0 -2.308466e-23 -2.293575e-23     2.765142e-23  1.378850e-23  4.929834e-24   
1 -2.359285e-23 -2.353390e-23     2.814225e-23  7.444409e-24  5.438209e-24   
2 -2.486678e-23 -2.177424e-23     3.430048e-23  4.791051e-24  4.313093e-24   
3 -2.416358e-23 -2.280486e-23     2.827624e-23  6.308929e-24  7.275479e-24   
4 -2.260178e-23 -2.138192e-23     2.888426e-23  6.108822e-24  5.359815e-24   

      T6_std_BL     T6_std_BH  T6_psd_standard     T6_psd_AL     T6_psd_AH  \
0  7.021048e-24  6.725566e-24     4.005177e-48  1.040467e-51  6.307790e-51   
1  7.029735e-24  5.887767e-24     4.120742e-48  8.462938e-52  2.890059e-51   
2  9.896853e-24  8.858566e-24     4.500249e-48  1.772361e-51  3.551050e-51   
3  9.613631e-24  7.122959e-24     3.087631e-48  5.058155e-52  2.059788e-51   
4  7.331754e-24  5.664718e-24     3.165578e-48  1.548707e-51  2.708130e-51   

      T6_psd_BL     T6_psd_BH  T6_PE_standard  T6_PE_AL  T6_PE_AH  T6_PE_BL  \
0  1.099396e-51  1.385949e-51        4.037098  1.022940  3.891923  3.432611   
1  1.304588e-51  1.039746e-51        4.003284  2.955477  2.866351  3.837632   
2  7.381573e-52  1.010318e-51        3.642235  2.833666  3.349791  2.805870   
3  1.273380e-51  7.625404e-52        4.226636  2.411995  2.343669  3.433530   
4  8.985164e-52  3.221426e-51        3.835680  2.626909  3.067975  3.235049   

   T6_PE_BH  T6_AE_standard  T6_AE_AL  T6_AE_AH  T6_AE_BL  T6_AE_BH  \
0  3.539129        0.901394  0.301804  1.137068  0.781218  0.791528   
1  3.922889        0.914600  0.476858  0.824198  0.780984  0.790466   
2  3.710671        0.764814  0.770451  0.951484  0.651016  0.703640   
3  4.019538        0.834559  0.606664  0.727104  0.618676  0.742016   
4  3.705116        0.790498  0.674755  0.831080  0.759910  0.965656   

   T6_SE_standard  T6_SE_AL  T6_SE_AH  T6_SE_BL  T6_SE_BH  T6_FE_standard  \
0        0.877677  0.284070  1.138822  0.697943  0.737929        0.535413   
1        0.880749  0.427059  0.780861  0.729126  0.714948        0.540676   
2        0.704191  0.722165  0.903150  0.595407  0.678320        0.455582   
3        0.801097  0.534615  0.635163  0.590195  0.708330        0.499533   
4        0.718319  0.594600  0.752920  0.681501  0.840496        0.456334   

   T6_FE_AL  T6_FE_AH  T6_FE_BL  T6_FE_BH  CPZ_mean_standard   CPZ_mean_AL  \
0  0.242900  0.688585  0.461347  0.483311      -7.660675e-24  4.876221e-23   
1  0.317366  0.476202  0.468039  0.486036      -3.516890e-23  4.854738e-23   
2  0.452817  0.547290  0.401322  0.461438      -3.947142e-23  4.811218e-23   
3  0.372639  0.426931  0.393748  0.461583      -7.062725e-23  4.749138e-23   
4  0.399930  0.490151  0.455872  0.560208      -6.324644e-23  4.922189e-23   

    CPZ_mean_AH   CPZ_mean_BL   CPZ_mean_BH  CPZ_std_standard    CPZ_std_AL  \
0  6.563899e-24 -3.445059e-23 -3.405949e-23      1.511016e-12  3.953961e-13   
1  2.952521e-24 -3.566183e-23 -3.560489e-23      1.511016e-12  3.953961e-13   
2  1.684482e-24 -3.729167e-23 -3.247131e-23      1.511016e-12  3.953961e-13   
3  8.265441e-25 -3.571267e-23 -3.428989e-23      1.511016e-12  3.953961e-13   
4  1.861008e-24 -3.437956e-23 -3.213069e-23      1.511016e-12  3.953961e-13   

     CPZ_std_AH    CPZ_std_BL    CPZ_std_BH  CPZ_psd_standard    CPZ_psd_AL  \
0  4.502940e-13  6.154691e-13  1.186397e-12      5.703948e-48  2.131336e-51   
1  4.502940e-13  6.154691e-13  1.186397e-12      4.438765e-48  3.363249e-51   
2  4.502940e-13  6.154691e-13  1.186397e-12      5.177895e-48  4.148275e-51   
3  4.502940e-13  6.154691e-13  1.186397e-12      5.106082e-48  1.386502e-51   
4  4.502940e-13  6.154691e-13  1.186397e-12      4.008213e-48  3.704962e-51   

     CPZ_psd_AH    CPZ_psd_BL    CPZ_psd_BH  CPZ_PE_standard     CPZ_PE_AL  \
0  1.351976e-50  2.788365e-51  2.161250e-51     3.429500e-20  1.718462e-19   
1  8.214897e-51  2.488015e-51  1.371770e-51     2.438310e-20  6.514222e-20   
2  1.053479e-50  2.014685e-51  3.109655e-51     3.085744e-20  4.473296e-20   
3  6.821142e-51  1.902606e-51  1.896645e-51     2.805413e-20  6.022903e-20   
4  5.791935e-51  2.579878e-51  6.505032e-51     3.788998e-20  4.212791e-20   

      CPZ_PE_AH     CPZ_PE_BL     CPZ_PE_BH  CPZ_AE_standard     CPZ_AE_AL  \
0  2.583008e-20  2.926455e-20  6.867972e-21     5.010016e-07  5.010016e-07   
1  3.119049e-20  7.873442e-20  6.509658e-21     5.010016e-07  5.010016e-07   
2  1.645212e-20  5.468195e-20  1.072680e-20     5.010016e-07  5.010016e-07   
3  1.531099e-20  6.338134e-20  7.326634e-21     5.010016e-07  5.010016e-07   
4  2.522557e-20  3.407829e-20  7.125836e-21     5.010016e-07  5.010016e-07   

      CPZ_AE_AH     CPZ_AE_BL     CPZ_AE_BH  CPZ_SE_standard  CPZ_SE_AL  \
0  5.010016e-07  5.010016e-07  5.010016e-07             -0.0       -0.0   
1  5.010016e-07  5.010016e-07  5.010016e-07             -0.0       -0.0   
2  5.010016e-07  5.010016e-07  5.010016e-07             -0.0       -0.0   
3  5.010016e-07  5.010016e-07  5.010016e-07             -0.0       -0.0   
4  5.010016e-07  5.010016e-07  5.010016e-07             -0.0       -0.0   

   CPZ_SE_AH  CPZ_SE_BL  CPZ_SE_BH  CPZ_FE_standard  CPZ_FE_AL  CPZ_FE_AH  \
0       -0.0       -0.0       -0.0         0.000044   0.000044   0.000044   
1       -0.0       -0.0       -0.0         0.000044   0.000044   0.000044   
2       -0.0       -0.0       -0.0         0.000044   0.000044   0.000044   
3       -0.0       -0.0       -0.0         0.000044   0.000044   0.000044   
4       -0.0       -0.0       -0.0         0.000044   0.000044   0.000044   

   CPZ_FE_BL  CPZ_FE_BH  FC4_mean_standard   FC4_mean_AL   FC4_mean_AH  \
0   0.000044   0.000044       4.756936e-06 -2.512556e-09  3.259129e-08   
1   0.000044   0.000044       8.145479e-06 -1.939526e-09 -3.047715e-08   
2   0.000044   0.000044       1.680746e-05  6.780067e-09 -2.310961e-08   
3   0.000044   0.000044       1.109499e-05  1.387372e-08  2.370057e-08   
4   0.000044   0.000044      -8.300253e-07  1.809942e-08 -2.586232e-09   

    FC4_mean_BL   FC4_mean_BH  FC4_std_standard    FC4_std_AL  FC4_std_AH  \
0 -4.912088e-10 -8.714946e-09          0.000007  2.461816e-06    0.000002   
1  1.216441e-09  1.913816e-08          0.000008  3.520465e-06    0.000002   
2 -6.302136e-09 -1.591444e-08          0.000007  9.683260e-07    0.000002   
3 -3.742622e-08 -4.230835e-08          0.000007  2.664902e-06    0.000003   
4  1.561863e-08  2.321881e-08          0.000008  3.483222e-06    0.000003   

   FC4_std_BL  FC4_std_BH  FC4_psd_standard    FC4_psd_AL    FC4_psd_AH  \
0    0.000003    0.000004      2.920753e-13  8.013353e-19  1.890218e-19   
1    0.000002    0.000003      4.418129e-13  1.839257e-18  5.102865e-19   
2    0.000002    0.000003      1.682428e-13  4.384860e-19  2.133085e-19   
3    0.000003    0.000003      3.211986e-13  9.861740e-19  3.894637e-19   
4    0.000003    0.000003      4.029613e-13  1.638804e-18  6.026198e-19   

     FC4_psd_BL    FC4_psd_BH  FC4_PE_standard  FC4_PE_AL  FC4_PE_AH  \
0  3.135309e-20  2.548759e-20         4.326699   2.344528   2.486866   
1  6.790254e-20  1.300432e-20         4.170496   2.018919   1.960889   
2  2.014310e-20  1.740935e-20         3.571352   2.573206   2.381515   
3  5.536543e-20  1.069578e-20         4.397499   2.405602   2.472539   
4  7.889694e-20  1.356996e-20         3.945506   2.256248   2.380046   

   FC4_PE_BL  FC4_PE_BH  FC4_AE_standard  FC4_AE_AL  FC4_AE_AH  FC4_AE_BL  \
0   3.295752   2.105114         0.437833   0.230043   0.300361   0.443868   
1   2.685063   1.597100         0.379541   0.214103   0.290656   0.436822   
2   3.088269   2.386438         0.406525   0.252973   0.333391   0.436556   
3   3.453093   2.367046         0.417925   0.235579   0.309963   0.436111   
4   2.999759   2.612954         0.335780   0.190883   0.287923   0.433038   

   FC4_AE_BH  FC4_SE_standard  FC4_SE_AL  FC4_SE_AH  FC4_SE_BL  FC4_SE_BH  \
0   0.525979         0.385391   0.201632   0.271317   0.389271   0.524075   
1   0.423632         0.321552   0.172670   0.267207   0.375953   0.429434   
2   0.552726         0.350088   0.223358   0.304590   0.385123   0.535356   
3   0.550522         0.372820   0.190051   0.288701   0.403411   0.520290   
4   0.552223         0.279078   0.140937   0.236133   0.418869   0.496201   

   FC4_FE_standard  FC4_FE_AL  FC4_FE_AH  FC4_FE_BL  FC4_FE_BH  \
0         0.249063   0.151804   0.181110   0.243037   0.339373   
1         0.229705   0.140181   0.176403   0.242301   0.340895   
2         0.236669   0.167917   0.198325   0.245474   0.340715   
3         0.238421   0.148807   0.186347   0.247557   0.335039   
4         0.196885   0.127321   0.177171   0.246517   0.327066   

   FP2_mean_standard   FP2_mean_AL   FP2_mean_AH   FP2_mean_BL   FP2_mean_BH  \
0       5.891077e-24  3.220130e-23  4.319977e-24 -2.303952e-23 -2.272502e-23   
1      -2.510222e-23  3.258216e-23  1.974687e-24 -2.385394e-23 -2.382168e-23   
2      -3.675215e-24  3.195381e-23  9.510251e-25 -2.447356e-23 -2.143212e-23   
3      -2.631194e-23  3.198381e-23  5.322843e-25 -2.461651e-23 -2.304582e-23   
4      -4.673632e-23  3.273965e-23  1.308218e-24 -2.247441e-23 -2.156315e-23   

   FP2_std_standard    FP2_std_AL    FP2_std_AH    FP2_std_BL    FP2_std_BH  \
0      9.066097e-12  2.372376e-12  2.701764e-12  3.692815e-12  7.118382e-12   
1      9.066097e-12  2.372376e-12  2.701764e-12  3.692815e-12  7.118382e-12   
2      9.066097e-12  2.372376e-12  2.701764e-12  3.692815e-12  7.118382e-12   
3      9.066097e-12  2.372376e-12  2.701764e-12  3.692815e-12  7.118382e-12   
4      9.066097e-12  2.372376e-12  2.701764e-12  3.692815e-12  7.118382e-12   

   FP2_psd_standard    FP2_psd_AL    FP2_psd_AH    FP2_psd_BL    FP2_psd_BH  \
0      4.624783e-48  6.467787e-52  5.727636e-51  1.252902e-51  1.958816e-51   
1      4.366515e-48  1.404921e-51  4.151731e-51  1.134357e-51  1.193513e-51   
2      4.541275e-48  1.097914e-51  3.085781e-51  9.493659e-52  9.394033e-52   
3      4.007905e-48  4.885613e-52  1.933459e-51  1.184277e-51  9.141684e-52   
4      3.373212e-48  1.068908e-51  2.033789e-51  1.070236e-51  3.519161e-51   

   FP2_PE_standard     FP2_PE_AL     FP2_PE_AH     FP2_PE_BL     FP2_PE_BH  \
0     7.614786e-22  1.924103e-21  8.684014e-22  1.301990e-21  1.318700e-22   
1     8.293601e-22  8.790892e-22  2.659548e-22  1.152632e-21  2.072862e-22   
2     1.022646e-21  7.176195e-22  2.664546e-22  9.912628e-22  2.655070e-22   
3     8.132127e-22  7.058771e-22  4.789432e-22  1.603055e-21  1.847092e-22   
4     6.608004e-22  1.174816e-21  7.665847e-22  8.558518e-22  2.135715e-22   

   FP2_AE_standard     FP2_AE_AL     FP2_AE_AH     FP2_AE_BL     FP2_AE_BH  \
0     5.010016e-07  5.010016e-07  5.010016e-07  5.010016e-07  5.010016e-07   
1     5.010016e-07  5.010016e-07  5.010016e-07  5.010016e-07  5.010016e-07   
2     5.010016e-07  5.010016e-07  5.010016e-07  5.010016e-07  5.010016e-07   
3     5.010016e-07  5.010016e-07  5.010016e-07  5.010016e-07  5.010016e-07   
4     5.010016e-07  5.010016e-07  5.010016e-07  5.010016e-07  5.010016e-07   

   FP2_SE_standard  FP2_SE_AL  FP2_SE_AH  FP2_SE_BL  FP2_SE_BH  \
0             -0.0       -0.0       -0.0       -0.0       -0.0   
1             -0.0       -0.0       -0.0       -0.0       -0.0   
2             -0.0       -0.0       -0.0       -0.0       -0.0   
3             -0.0       -0.0       -0.0       -0.0       -0.0   
4             -0.0       -0.0       -0.0       -0.0       -0.0   

   FP2_FE_standard  FP2_FE_AL  FP2_FE_AH  FP2_FE_BL  FP2_FE_BH  \
0         0.000044   0.000044   0.000044   0.000044   0.000044   
1         0.000044   0.000044   0.000044   0.000044   0.000044   
2         0.000044   0.000044   0.000044   0.000044   0.000044   
3         0.000044   0.000044   0.000044   0.000044   0.000044   
4         0.000044   0.000044   0.000044   0.000044   0.000044   

   F3_mean_standard    F3_mean_AL    F3_mean_AH    F3_mean_BL    F3_mean_BH  \
0     -6.147865e-24  4.845738e-23  6.695478e-24 -3.454627e-23 -3.409093e-23   
1     -3.483881e-23  4.851682e-23  3.065344e-24 -3.546011e-23 -3.560351e-23   
2     -2.566221e-23  4.821142e-23  1.558660e-24 -3.719637e-23 -3.225575e-23   
3     -8.456031e-23  4.791750e-23  5.181091e-25 -3.626130e-23 -3.455177e-23   
4     -7.430977e-23  4.909068e-23  2.366596e-24 -3.400661e-23 -3.182277e-23   

   F3_std_standard     F3_std_AL     F3_std_AH     F3_std_BL     F3_std_BH  \
0     4.533049e-12  1.186188e-12  1.350882e-12  1.846407e-12  3.559191e-12   
1     4.533049e-12  1.186188e-12  1.350882e-12  1.846407e-12  3.559191e-12   
2     4.533049e-12  1.186188e-12  1.350882e-12  1.846407e-12  3.559191e-12   
3     4.533049e-12  1.186188e-12  1.350882e-12  1.846407e-12  3.559191e-12   
4     4.533049e-12  1.186188e-12  1.350882e-12  1.846407e-12  3.559191e-12   

   F3_psd_standard     F3_psd_AL     F3_psd_AH     F3_psd_BL     F3_psd_BH  \
0     6.043074e-48  2.506469e-51  1.461456e-50  2.381292e-51  2.387218e-51   
1     7.080898e-48  3.096347e-51  4.931980e-51  2.200377e-51  2.349293e-51   
2     5.785473e-48  2.613834e-51  7.225104e-51  2.200217e-51  1.538238e-51   
3     4.574720e-48  1.482197e-51  4.449394e-51  2.148723e-51  2.320741e-51   
4     5.402422e-48  2.876249e-51  5.883268e-51  2.434820e-51  6.376268e-51   

   F3_PE_standard      F3_PE_AL      F3_PE_AH      F3_PE_BL      F3_PE_BH  \
0    4.341064e-21  1.221154e-20  3.780990e-21  2.950788e-21  7.033607e-22   
1    5.525617e-21  7.256058e-21  1.865554e-21  3.655357e-21  8.403727e-22   
2    6.756839e-21  8.048951e-21  3.506296e-21  3.961533e-21  7.914918e-22   
3    4.416478e-21  7.957569e-21  2.606429e-21  2.919241e-21  4.335647e-22   
4    9.145487e-21  9.727193e-21  6.777620e-21  4.117099e-21  7.167854e-22   

   F3_AE_standard      F3_AE_AL      F3_AE_AH      F3_AE_BL      F3_AE_BH  \
0    5.010016e-07  5.010016e-07  5.010016e-07  5.010016e-07  5.010016e-07   
1    5.010016e-07  5.010016e-07  5.010016e-07  5.010016e-07  5.010016e-07   
2    5.010016e-07  5.010016e-07  5.010016e-07  5.010016e-07  5.010016e-07   
3    5.010016e-07  5.010016e-07  5.010016e-07  5.010016e-07  5.010016e-07   
4    5.010016e-07  5.010016e-07  5.010016e-07  5.010016e-07  5.010016e-07   

   F3_SE_standard  F3_SE_AL  F3_SE_AH  F3_SE_BL  F3_SE_BH  F3_FE_standard  \
0            -0.0      -0.0      -0.0      -0.0      -0.0        0.000044   
1            -0.0      -0.0      -0.0      -0.0      -0.0        0.000044   
2            -0.0      -0.0      -0.0      -0.0      -0.0        0.000044   
3            -0.0      -0.0      -0.0      -0.0      -0.0        0.000044   
4            -0.0      -0.0      -0.0      -0.0      -0.0        0.000044   

   F3_FE_AL  F3_FE_AH  F3_FE_BL  F3_FE_BH  PZ_mean_standard    PZ_mean_AL  \
0  0.000044  0.000044  0.000044  0.000044      6.778487e-24  3.244511e-23   
1  0.000044  0.000044  0.000044  0.000044     -1.750017e-23  3.231201e-23   
2  0.000044  0.000044  0.000044  0.000044     -8.148440e-24  3.210870e-23   
3  0.000044  0.000044  0.000044  0.000044     -5.552751e-23  3.186570e-23   
4  0.000044  0.000044  0.000044  0.000044     -4.996264e-23  3.266435e-23   

     PZ_mean_AH    PZ_mean_BL    PZ_mean_BH  PZ_std_standard     PZ_std_AL  \
0  4.475494e-24 -2.308466e-23 -2.293575e-23     2.765142e-23  1.378850e-23   
1  2.013321e-24 -2.359285e-23 -2.353390e-23     2.814225e-23  7.444409e-24   
2  1.087723e-24 -2.486678e-23 -2.177424e-23     3.430048e-23  4.791051e-24   
3  4.481136e-25 -2.416358e-23 -2.280486e-23     2.827624e-23  6.308929e-24   
4  1.339464e-24 -2.260178e-23 -2.138192e-23     2.888426e-23  6.108822e-24   

      PZ_std_AH     PZ_std_BL     PZ_std_BH  PZ_psd_standard     PZ_psd_AL  \
0  4.929834e-24  7.021048e-24  6.725566e-24     4.005177e-48  1.040467e-51   
1  5.438209e-24  7.029735e-24  5.887767e-24     4.120742e-48  8.462938e-52   
2  4.313093e-24  9.896853e-24  8.858566e-24     4.500249e-48  1.772361e-51   
3  7.275479e-24  9.613631e-24  7.122959e-24     3.087631e-48  5.058155e-52   
4  5.359815e-24  7.331754e-24  5.664718e-24     3.165578e-48  1.548707e-51   

      PZ_psd_AH     PZ_psd_BL     PZ_psd_BH  PZ_PE_standard  PZ_PE_AL  \
0  6.307790e-51  1.099396e-51  1.385949e-51        4.037098  1.022940   
1  2.890059e-51  1.304588e-51  1.039746e-51        4.003284  2.955477   
2  3.551050e-51  7.381573e-52  1.010318e-51        3.642235  2.833666   
3  2.059788e-51  1.273380e-51  7.625404e-52        4.226636  2.411995   
4  2.708130e-51  8.985164e-52  3.221426e-51        3.835680  2.626909   

   PZ_PE_AH  PZ_PE_BL  PZ_PE_BH  PZ_AE_standard  PZ_AE_AL  PZ_AE_AH  PZ_AE_BL  \
0  3.891923  3.432611  3.539129        0.901394  0.301804  1.137068  0.781218   
1  2.866351  3.837632  3.922889        0.914600  0.476858  0.824198  0.780984   
2  3.349791  2.805870  3.710671        0.764814  0.770451  0.951484  0.651016   
3  2.343669  3.433530  4.019538        0.834559  0.606664  0.727104  0.618676   
4  3.067975  3.235049  3.705116        0.790498  0.674755  0.831080  0.759910   

   PZ_AE_BH  PZ_SE_standard  PZ_SE_AL  PZ_SE_AH  PZ_SE_BL  PZ_SE_BH  \
0  0.791528        0.877677  0.284070  1.138822  0.697943  0.737929   
1  0.790466        0.880749  0.427059  0.780861  0.729126  0.714948   
2  0.703640        0.704191  0.722165  0.903150  0.595407  0.678320   
3  0.742016        0.801097  0.534615  0.635163  0.590195  0.708330   
4  0.965656        0.718319  0.594600  0.752920  0.681501  0.840496   

   PZ_FE_standard  PZ_FE_AL  PZ_FE_AH  PZ_FE_BL  PZ_FE_BH  
0        0.535413  0.242900  0.688585  0.461347  0.483311  
1        0.540676  0.317366  0.476202  0.468039  0.486036  
2        0.455582  0.452817  0.547290  0.401322  0.461438  
3        0.499533  0.372639  0.426931  0.393748  0.461583  
4        0.456334  0.399930  0.490151  0.455872  0.560208  
